0.0	425.0	0.0	0.0	0.0	47.12858999800249	0.0
0.1	424.97386962985246	4.71276337801214	0.0	-0.5226019405110263	47.125692380352675	0.0
0.2	424.89548173257083	9.424947244252616	0.0	-1.0451396184739534	47.116999883713774	0.0
0.3	424.76484594724303	14.135972158210413	0.0	-1.5675487792428608	47.1025135769734	0.0
0.4	424.5819783376985	18.84525882188706	0.0	-2.0897651839752167	47.08223524146488	0.0
0.5	424.3469013905328	23.55222815103098	0.0	-2.6117246175311366	47.056167370748184	0.0
0.6	424.05964401234286	28.256301346345587	0.0	-3.133362896369739	47.02431317030335	0.0
0.7	423.7202415261721	32.956899964662284	0.0	-3.6546158764416075	46.98667655713625	0.0
0.8	423.3287356671669	37.65344599006977	0.0	-4.1754194610763955	46.94326215929692	0.0
0.9	422.8851745774446	42.345361904990675	0.0	-4.695709608864607	46.89407531531055	0.0
1.0	422.3896128001737	47.03207076119708	0.0	-5.2154223415325855	46.83912207352089	0.0
1.1	421.8421112728668	51.71299625075583	0.0	-5.7344937518097385	46.77840919134661	0.0
1.2	421.24273731988706	56.38756277689527	0.0	-6.25286001128702	46.71194413445026	0.0
1.3	420.59156464416964	61.05519552478451	0.0	-6.770457378265736	46.6397350758203	0.0
1.4	419.88867331815896	65.71532053221641	0.0	-7.287222205595657	46.56179089476606	0.0
1.5	419.13414977396206	70.36736476018588	0.0	-7.803090948501536	46.478121175825855	0.0
1.6	418.32808679272034	75.01075616335461	0.0	-8.318000172397017	46.38873620758839	0.0
1.7	417.4705834932008	79.6449237603935	0.0	-8.83188656068501	46.293646981427635	0.0
1.8	416.5617453196075	84.26929770419439	0.0	-9.344686922543522	46.19286519015122	0.0
1.9	415.6016840286152	88.88330935194223	0.0	-9.856338200696072	46.08640322656256	0.0
2.0	414.5905176756274	93.48639133503929	0.0	-10.366777479165656	45.974274181936984	0.0
2.1	413.52837060025905	98.07797762887247	0.0	-10.875941991011313	45.85649184441187	0.0
2.2	412.415373411047	102.65750362241558	0.0	-11.383769126046406	45.73307069729125	0.0
2.3	411.25166296938966	107.22440618765754	0.0	-11.890196438537627	45.60402591726464	0.0
2.4	410.037382372717	111.77812374884844	0.0	-12.395161654883728	45.469373372541035	0.0
2.5	408.7726809368949	116.31809635155463	0.0	-12.89860268127315	45.32912962089746	0.0
2.6	407.45771417786386	120.84376573151442	0.0	-13.400457611319498	45.1833119076429	0.0
2.7	406.0926437925157	125.35457538328599	0.0	-13.90066473367396	45.031938163497784	0.0
2.8	404.67763763881015	129.84997062867896	0.0	-14.399162539613819	44.87502700238898	0.0
2.9	403.21286971513405	134.32939868496132	0.0	-14.895889730605942	44.712597719160904	0.0
3.0	401.6985201389052	138.79230873283328	0.0	-15.39078522584452	44.54467028720292	0.0
3.1	400.13477512442364	143.23815198415977	0.0	-15.883788169761935	44.371265355993195	0.0
3.2	398.52182695997374	147.6663817494527	0.0	-16.374837939512037	44.19240424855944	0.0
3.3	396.8598739841788	152.076453505096	0.0	-16.86387415242471	44.008108958857036	0.0
3.4	395.14912056161205	156.46782496030355	0.0	-17.350836673430965	43.81840214906431	0.0
3.5	393.3897770576667	160.83995612380284	0.0	-17.835665622457537	43.62330714679585	0.0
3.6	391.58205981268753	165.19230937023602	0.0	-18.318301381790178	43.42284794223402	0.0
3.7	389.7261911153687	169.5243495062698	0.0	-18.798684603404656	43.21704918517889	0.0
3.8	387.8223991754191	173.8355438364063	0.0	-19.276756216264587	43.00593618201711	0.0
3.9	385.8709180955004	178.12536222848678	0.0	-19.752457433585224	42.78953489261005	0.0
4.0	383.8719878424398	182.3932771788803	0.0	-20.22572976006226	42.56787192710155	0.0
4.1	381.8258542177227	186.638763877349	0.0	-20.69651499906484	42.340974542645704	0.0
4.2	379.7327688272663	190.86130027158208	0.0	-21.16475525979179	42.10887064005524	0.0
4.3	377.5929890504811	195.060367131391	0.0	-21.630392964390264	41.87158876037043	0.0
4.4	375.4067780086213	199.23544811255726	0.0	-22.09337085503595	41.629158081349644	0.0
4.5	373.1744045324297	203.38602982032555	0.0	-22.55363200097381	41.381608413881246	0.0
4.6	370.8961431290808	207.51160187253404	0.0	-23.011119805518717	41.12897019831798	0.0
4.7	368.5722739484247	211.61165696237438	0.0	-23.46577801301493	40.87127450073368	0.0
4.8	366.2030827485387	215.68569092077357	0.0	-23.91755071575373	40.608553009103204	0.0
4.9	363.7888608605879	219.73320277838968	0.0	-24.366382360848128	40.34083802940577	0.0
5.0	361.32990515300156	223.75369482721436	0.0	-24.81221775706407	40.06816248165244	0.0
5.1	358.8265179949677	227.74667268177436	0.0	-25.255002081607103	39.790559895837966	0.0
5.2	356.2790072192515	231.71164533992416	0.0	-25.694680886863726	39.50806440781773	0.0
5.3	353.68768608434306	235.64812524322303	0.0	-26.13120010709668	39.220710755110105	0.0
5.4	351.0528732359358	239.55562833688833	0.0	-26.564506065093177	38.92853427262491	0.0
5.5	348.37489266774446	243.4336741293178	0.0	-26.994545478765453	38.63157088831821	0.0
5.6	345.65407368166376	247.28178575117414	0.0	-27.421265467702636	38.32985711877457	0.0
5.7	342.89075084727585	251.09949001402381	0.0	-27.84461355967327	38.02343006471649	0.0
5.8	340.0852639607091	254.88631746852363	0.0	-28.26453769707771	37.712327406442384	0.0
5.9	337.2379580028542	258.64180246214687	0.0	-28.680986243349366	37.39658739919304	0.0
6.0	334.34918309694336	262.3654831964431	0.0	-29.09390798930432	37.0762488684474	0.0
6.1	331.41929446549636	266.0569017838239	0.0	-29.503252159438336	36.75135120514845	0.0
6.2	328.4486523866399	269.71560430386745	0.0	-29.90896841817057	36.42193436085926	0.0
6.3	325.4376221498058	273.341140859136	0.0	-30.311006876033083	36.088038842850324	0.0
6.4	322.38657401081207	276.9330656304974	0.0	-30.709318095805628	35.749705709118466	0.0
6.5	319.2958831463338	280.4909369319466	0.0	-31.103853098594758	35.40697656333806	0.0
6.6	316.1659296077689	284.0143172649176	0.0	-31.494563369856543	35.059893549744984	0.0
6.7	312.9970982745045	287.50277337208155	0.0	-31.881400865362277	34.708499347954536	0.0
6.8	309.78977880658937	290.95587629062226	0.0	-32.264318017106255	34.35283716771295	0.0
6.9	306.54436559681864	294.37320140498457	0.0	-32.64326773915506	33.992950743584174	0.0
7.0	303.2612577222366	297.75432849908776	0.0	-33.01820343343752	33.62888432957187	0.0
7.1	299.9408588950636	301.0988418079979	0.0	-33.38907899547472	33.260682693677644	0.0
7.2	296.58357741305275	304.40633006905296	0.0	-33.75584882004931	32.88839111239603	0.0
7.3	293.1898261092826	307.67638657243407	0.0	-34.11846780681332	32.51205536514694	0.0
7.4	289.76002230139284	310.90860921117735	0.0	-34.476891365834064	32.13172172864637	0.0
7.5	286.29458774026784	314.1026005306195	0.0	-34.831075423077124	31.747436971215798	0.0
7.6	282.7939485581752	317.2579677772711	0.0	-35.18097642582607	31.35924834703117	0.0
7.7	279.2585352163659	320.37432294711226	0.0	-35.52655134803781	30.967203590312305	0.0
7.8	275.6887824521415	323.4512828333038	0.0	-35.867757695633465	30.571350909453056	0.0
7.9	272.0851292253963	326.48846907330915	0.0	-36.204553511723596	30.171738981093302	0.0
8.0	268.4480186646396	329.4855081954193	0.0	-36.53689738176757	29.76841694413327	0.0
8.1	264.7778980125056	332.4420316646784	0.0	-36.864748438666	29.36143439369114	0.0
8.2	261.0752185707576	335.3576759282	0.0	-37.18806636778618	28.950841375004373	0.0
8.3	257.340435644793	338.23208245987246	0.0	-37.50681141191925	28.536688377275834	0.0
8.4	253.57400848765556	341.0648978044452	0.0	-37.8209443761691	28.119026327465342	0.0
8.5	249.77640024356265	343.8557736209918	0.0	-38.13042663277187	27.697906584027194	0.0
8.6	245.94807789095404	346.60436672574406	0.0	-38.43522012584596	27.2733809305949	0.0
8.7	242.08951218506908	349.3103391342922	0.0	-38.73528737607155	26.845501569613386	0.0
8.8	238.20117760005948	351.9733581031452	0.0	-39.030591485299226	26.414321115919876	0.0
8.9	234.28355227064466	354.5930961706471	0.0	-39.3210961410873	25.97989259027399	0.0
9.0	230.3371179333173	357.16923119724373	0.0	-39.606765621166915	25.54226941283793	0.0
9.1	226.3623598671057	359.7014464050948	0.0	-39.88756479783458	25.101505396607546	0.0
9.2	222.35976683390066	362.1894304170269	0.0	-40.163459142271854	24.65765474079515	0.0
9.3	218.32983101835407	364.6328772948224	0.0	-40.43441472879104	24.21077202416478	0.0
9.4	214.27304796735655	367.0314865768391	0.0	-40.70039823900691	23.760912198320803	0.0
9.5	210.18991652910182	369.3849633149572	0.0	-40.96137696593376	23.3081305809507	0.0
9.6	206.08093879174504	371.69301811084756	0.0	-41.21731881800722	22.852482849022806	0.0
9.7	201.9466200216626	373.9553671515582	0.0	-41.46819232303032	22.394025031939904	0.0
9.8	197.7874686013212	376.17173224441325	0.0	-41.713966632043665	21.932813504649463	0.0
9.9	193.60399596676396	378.3418408512212	0.0	-41.95461152311851	21.46890498071137	0.0
10.0	189.39671654472073	380.46542612178814	0.0	-42.19009740507337	21.002356505324016	0.0
10.1	185.16614768935085	382.5422269267309	0.0	-42.42039532111228	20.533225448309704	0.0
10.2	180.91280961862583	384.5719878895868	0.0	-42.64547695238582	20.06156949706	0.0
10.3	176.63722535035998	386.5544594182173	0.0	-42.86531462147316	19.587446649442096	0.0
10.4	172.3399206378967	388.48939773549785	0.0	-43.079881295785476	19.11091520666708	0.0
10.5	168.02142390545842	390.37656490929515	0.0	-43.289150590890024	18.632033766120717	0.0
10.6	163.68226618316794	392.21572888172443	0.0	-43.49309677375443	18.150861214157985	0.0
10.7	159.32298104174967	394.0066634976844	0.0	-43.69169476591102	17.667456718861995	0.0
10.8	154.9441045269183	395.7491485326664	0.0	-43.88492014654052	17.181879722768297	0.0
10.9	150.54617509346298	397.44296971983533	0.0	-44.072749155475044	16.69418993555541	0.0
11.0	146.12973353903558	399.08791877637606	0.0	-44.255158696119686	16.204447326702535	0.0
11.1	141.69532293765056	400.68379342910566	0.0	-44.432126338292555	15.712712118115316	0.0
11.2	137.24348857290502	402.2303974393459	0.0	-44.603630320982994	15.219044776720533	0.0
11.3	132.7747778709272	403.7275406270539	0.0	-44.76964955502731	14.723506007030698	0.0
11.4	128.2897403330615	405.1750388942077	0.0	-44.93016362570205	14.226156743679441	0.0
11.5	123.788927468298	406.57271424744374	0.0	-45.0851527952343	13.727058143928582	0.0
11.6	119.27289272545553	407.92039481994414	0.0	-45.23459800522862	13.226271580147824	0.0
11.7	114.742191425126	409.21791489257026	0.0	-45.37848087901059	12.72385863226801	0.0
11.8	110.19738069138852	410.46511491424076	0.0	-45.5167837238866	12.219881080208854	0.0
11.9	105.63901938330191	411.6618415215502	0.0	-45.64948953331921	11.714400896282081	0.0
12.0	101.06766802618375	412.8079475576277	0.0	-45.77658198901851	11.207480237570923	0.0
12.1	96.48388874268466	413.90329209023247	0.0	-45.898045462948545	10.699181438286862	0.0
12.2	91.88824518366596	414.9477404290832	0.0	-46.01386501924909	10.189567002104623	0.0
12.3	87.28130245888974	415.9411641424202	0.0	-46.12402641607216	9.678699594476317	0.0
12.4	82.6636270675291	416.88344107279823	0.0	-46.22851610733327	9.166642034925712	0.0
12.5	78.03578682850808	417.77445535210774	0.0	-46.32732124437707	8.653457289323523	0.0
12.6	73.39835081067874	418.6140974158219	0.0	-46.420429677557244	8.139208462144742	0.0
12.7	68.751889262845	419.40226401647016	0.0	-46.50782995773053	7.623958788708901	0.0
12.8	64.09697354364117	420.13885823633285	0.0	-46.58951133766447	7.10777162740427	0.0
12.9	59.43417605127406	420.8237894993599	0.0	-46.66546377335892	6.590710451896899	0.0
13.0	54.764070153137226	421.4569735823077	0.0	-46.73567792528109	6.072838843325493	0.0
13.1	50.087230115306134	422.0383326250956	0.0	-46.80014515951401	5.554220482483096	0.0
13.2	45.40423103192275	422.56779514038016	0.0	-46.85885754881806	5.034919141986481	0.0
13.3	40.71564875447826	423.0452960223454	0.0	-46.91180787360578	4.514998678434289	0.0
13.4	36.022059821002806	423.47077655470855	0.0	-46.95898962282954	3.9945230245548027	0.0
13.5	31.324041385170712	423.8441844179397	0.0	-47.000396994782236	3.47355618134441	0.0
13.6	26.622171145329997	424.1654736956957	0.0	-47.03602489781055	2.952162210197622	0.0
13.7	21.917027273464974	424.4346048804657	0.0	-47.06586895094106	2.430405225029701	0.0
13.8	17.20918834410058	424.6515448784294	0.0	-47.08992548441895	1.9083493843928148	0.0
13.9	12.499233263157194	424.8162670135259	0.0	-47.10819154015914	1.3860588835867078	0.0
14.0	7.78774119676477	424.92875103073436	0.0	-47.120664872110076	0.8635979467648571	0.0
14.1	3.0752915000449015	424.98898309856406	0.0	-47.12734394652976	0.3410308190370747	0.0
14.2	-1.6375363541303007	424.9969558107554	0.0	-47.12822794217445	-0.18157824143045806	0.0
14.3	-6.350162846393821	424.9526681871903	0.0	-47.12331675039952	-0.7041649713167671	0.0
14.4	-11.062008482145062	424.85612567401245	0.0	-47.112610975172814	-1.2266651100482915	0.0
14.5	-15.77249386280812	424.70734014295743	0.0	-47.09611193300033	-1.7490144077007526	0.0
14.6	-20.481039757078257	424.50632988989327	0.0	-47.07382165276425	-2.27114863289971	0.0
14.7	-25.18706717214778	424.2531196325701	0.0	-47.04574287547346	-2.7930035807188407	0.0
14.8	-29.889997424902603	423.94774050758036	0.0	-47.01187905392654	-3.314515080574955	0.0
14.9	-34.58925221308073	423.59023006653047	0.0	-46.972234352287	-3.8356190041187976	0.0
15.0	-39.28425368638386	423.1806322714225	0.0	-46.92681364557131	-4.3562512731206615	0.0
15.1	-43.974424517533514	422.7189974892487	0.0	-46.875622519049294	-4.8763478673498115	0.0
15.2	-48.659187973262746	422.20538248579766	0.0	-46.81866726755745	-5.395844832446802	0.0
15.3	-53.33796798523477	421.63985041867403	0.0	-46.75595489472468	-5.914678287787677	0.0
15.4	-58.010189220880015	421.022470829532	0.0	-46.68749311211125	-6.432784434339124	0.0
15.5	-62.67527715414246	420.3533196355238	0.0	-46.61329033826024	-6.950099562503556	0.0
15.6	-67.33265813612698	419.63247911996456	0.0	-46.53335569766261	-7.4665600599532445	0.0
15.7	-71.9817594656387	418.860037922214	0.0	-46.4476990196349	-7.982102419452436	0.0
15.8	-76.62200945960596	418.03609102677683	0.0	-46.356330837110754	-8.496663246666598	0.0
15.9	-81.25283752337786	417.16073975162243	0.0	-46.25926238534543	-9.010179267957735	0.0
16.0	-85.87367422088816	416.23409173572617	0.0	-46.15650560053455	-9.522587338164909	0.0
16.1	-90.48395134467668	415.2562609258335	0.0	-46.04807311834598	-10.033824448368923	0.0
16.2	-95.08310198575951	414.2273675624479	0.0	-45.93397827236636	-10.543827733640244	0.0
16.3	-99.67056060333965	413.1475381650456	0.0	-45.81423509246119	-11.05253448076928	0.0
16.4	-104.24576309434936	412.0169055165176	0.0	-45.68885830304981	-11.55988213597792	0.0
16.5	-108.80814686281572	410.83560864684193	0.0	-45.55786332129479	-12.065808312611532	0.0
16.6	-113.357150889041	409.60379281598745	0.0	-45.42126625520592	-12.570250798810378	0.0
16.7	-117.89221579858886	408.3216094960514	0.0	-45.27908390165966	-13.073147565159541	0.0
16.8	-122.4127839310687	406.9892163526339	0.0	-45.13133374433354	-13.574436772316412	0.0
16.9	-126.91829940870876	405.60677722545006	0.0	-44.97803395155626	-14.074056778614823	0.0
17.0	-131.40820820471038	404.17446210818315	0.0	-44.81920337407361	-14.571946147644852	0.0
17.1	-135.88195821137452	402.69244712758064	0.0	-44.65486154273045	-15.068043655807383	0.0
17.2	-140.33899930799222	401.16091452179717	0.0	-44.48502866606905	-15.562288299842553	0.0
17.3	-144.7787834284909	399.580052617985	0.0	-44.30972562784403	-16.054619304330995	0.0
17.4	-149.20076462882778	397.9500558091359	0.0	-44.12897398445444	-16.544976129167175	0.0
17.5	-153.60439915412263	396.2711245301774	0.0	-43.94279596229306	-17.03329847700375	0.0
17.6	-157.989145505521	394.5434652333261	0.0	-43.75121445501314	-17.519526300666026	0.0
17.7	-162.35446450678043	392.767290362701	0.0	-43.554253020713425	-18.00359981053576	0.0
17.8	-166.6998193705706	390.9428183281995	0.0	-43.35193587904117	-18.4854594819032	0.0
17.9	-171.02467576448024	389.07027347864107	0.0	-43.14428790821394	-18.965046062286554	0.0
18.0	-175.32850187672156	387.1498860741791	0.0	-42.9313346419605	-19.442300578718044	0.0
18.1	-179.61076848152547	385.18189225798716	0.0	-42.71310226638093	-19.91716434499555	0.0
18.2	-183.87094900421798	383.16653402722125	0.0	-42.489617616726676	-20.38957896889899	0.0
18.3	-188.1085195859713	381.1040592032618	0.0	-42.260908174100656	-20.85948635937058	0.0
18.4	-192.32295914822052	378.9947214012404	0.0	-42.02700206207808	-21.32682873365799	0.0
18.5	-196.5137494567387	376.8387799988536	0.0	-41.78792804324807	-21.791548624419647	0.0
18.6	-200.6803751853623	374.6365001044684	0.0	-41.54371551567703	-22.253588886791295	0.0
18.7	-204.8223239793582	372.38815252452224	0.0	-41.29439450929347	-22.712892705412802	0.0
18.8	-208.93908651842654	370.09401373022337	0.0	-41.03999568219545	-23.169403601414462	0.0
18.9	-213.0301565793296	367.7543658235541	0.0	-40.78055031688067	-23.623065439362065	0.0
19.0	-217.0950310981401	365.3694965025817	0.0	-40.516090316399676	-24.073822434159503	0.0
19.1	-221.13321023210096	362.9396990260812	0.0	-40.24664820043304	-24.521619157908486	0.0
19.2	-225.1441974210891	360.4652721774749	0.0	-39.972257101292385	-24.966400546724234	0.0
19.3	-229.12749944867528	357.94652022809123	0.0	-39.692950759846305	-25.408111907506488	0.0
19.4	-233.0826265027731	355.3837528997505	0.0	-39.40876352137138	-25.84669892466483	0.0
19.5	-237.0090922358694	352.7772853266789	0.0	-39.11973033132882	-26.282107666797664	0.0
19.6	-240.90641382482823	350.12743801675833	0.0	-38.825886731067484	-26.71428459332389	0.0
19.7	-244.77411203026193	347.4345368121139	0.0	-38.52726885345334	-27.1431765610666	0.0
19.8	-248.61171125546105	344.69891284904713	0.0	-38.22391341842644	-27.568730830787825	0.0
19.9	-252.418739604877	341.9209025173167	0.0	-37.915857728485626	-27.990895073673645	0.0
20.0	-256.1947289421488	339.1008474187744	0.0	-37.60313966410163	-28.409617377768885	0.0
20.1	-259.9392149476682	336.23909432535953	0.0	-37.285797679058945	-28.82484625436042	0.0
20.2	-263.6517371756751	333.3359951364577	0.0	-36.963870795727395	-29.236530644308576	0.0
20.3	-267.33183911087684	330.39190683562884	0.0	-36.63739860026376	-29.644619924325625	0.0
20.4	-270.9790682245842	327.4071914467105	0.0	-36.30642123774392	-30.04906391320072	0.0
20.5	-274.5929760303567	324.38221598930136	0.0	-35.97097940722651	-30.44981287797045	0.0
20.6	-278.17311813915154	321.31735243362994	0.0	-35.63111435674822	-30.846817540034294	0.0
20.7	-281.7190543139684	318.2129776548147	0.0	-35.28686787825173	-31.2400290812142	0.0
20.8	-285.23034852398337	315.06947338652185	0.0	-34.93828230244675	-31.6293991497575	0.0
20.9	-288.7065689981661	311.88722617402436	0.0	-34.585400493604816	-32.014879866282584	0.0
21.0	-292.1472882783733	308.66662732667027	0.0	-34.228265844288366	-32.39642382966639	0.0
21.1	-295.552083271911	305.40807286976474	0.0	-33.866922270015	-32.77398412287305	0.0
21.2	-298.92053530356105	302.1119634958727	0.0	-33.5014142038574	-33.14751431872318	0.0
21.3	-302.25223016706394	298.77870451554685	0.0	-33.13178659097951	-33.516968485602774	0.0
21.4	-305.5467581760518	295.40870580748833	0.0	-32.758084883109916	-33.88230119311125	0.0
21.5	-308.8037142144265	292.0023817681459	0.0	-32.38035503295273	-34.24346751764777	0.0
21.6	-312.02269778617443	288.5601512607585	0.0	-31.9986434885371	-34.60042304793533	0.0
21.7	-315.20331306461463	285.0824375638499	0.0	-31.612997187505623	-34.95312389048189	0.0
21.8	-318.34516894107196	281.5696683191795	0.0	-31.223463551342633	-35.301526674977694	0.0
21.9	-321.44787907296967	278.02227547915703	0.0	-30.830090479542996	-35.64558855962831	0.0
22.0	-324.5110619313371	274.4406952537268	0.0	-30.432926343722144	-35.98526723642279	0.0
22.1	-327.5343408477245	270.8253680567291	0.0	-30.032019981668	-36.320520936336024	0.0
22.2	-330.5173440605205	267.17673845174374	0.0	-29.62742069133559	-36.65130843446499	0.0
22.3	-333.4597047606664	263.4952550974243	0.0	-29.219178224785146	-36.97758905509794	0.0
22.4	-336.3610611367609	259.7813706923282	0.0	-28.807342782064236	-37.29932267671609	0.0
22.5	-339.2210564195511	256.03554191924974	0.0	-28.391965005034965	-37.61646973692733	0.0
22.6	-342.0393389258027	252.25822938906404	0.0	-27.973095971146705	-37.928991237330926	0.0
22.7	-344.8155621015454	248.44989758408747	0.0	-27.55078718715535	-38.23684874831303	0.0
22.8	-347.5493845646871	244.611014800962	0.0	-27.125090582789753	-38.540004413772174	0.0
22.9	-350.2404701469925	240.74205309307058	0.0	-26.69605850436616	-38.8384209557744	0.0
23.0	-352.8884879354202	236.84348821249083	0.0	-26.2637437083514	-39.132061679137	0.0
23.1	-355.49311231281433	232.9157995514933	0.0	-25.82819935487567	-39.42089047594095	0.0
23.2	-358.0540229979439	228.95947008359283	0.0	-25.38947900119568	-39.704871829970834	0.0
23.3	-360.5709050848869	224.97498630415902	0.0	-24.947636595108886	-39.983970821082174	0.0
23.4	-363.04344908175307	220.9628381705938	0.0	-24.50272646831987	-40.25815312949539	0.0
23.5	-365.4713509487406	216.92351904208343	0.0	-24.05480332975931	-40.52738504001607	0.0
23.6	-367.8543121355235	212.85752561893204	0.0	-23.603922258856716	-40.791633446180654	0.0
23.7	-370.19203961796245	208.76535788148414	0.0	-23.15013869876756	-41.05086585432748	0.0
23.8	-372.4842459341374	204.64751902864433	0.0	-22.69350844955565	-41.30505038759245	0.0
23.9	-374.73064921969547	200.5045154160007	0.0	-22.23408766133166	-41.554155789828705	0.0
24.0	-376.93097324251085	196.33685649356028	0.0	-21.771932827348557	-41.798151429450165	0.0
24.1	-379.08494743665204	192.14505474310405	0.0	-21.307100777054952	-42.03700730319808	0.0
24.2	-381.1923069356523	187.92962561516916	0.0	-20.839648669106978	-42.27069403983052	0.0
24.3	-383.25279260507955	183.6910874656657	0.0	-20.36963398433973	-42.499182903734024	0.0
24.4	-385.2661510744006	179.4299614921369	0.0	-19.897114518699105	-42.72244579845703	0.0
24.5	-387.2321347681382	175.14677166966928	0.0	-19.422148376134952	-42.9404552701649	0.0
24.6	-389.15050193631345	170.8420446864615	0.0	-18.944793961456174	-43.1531845110158	0.0
24.7	-391.02101668417356	166.51630987905955	0.0	-18.465109973149033	-43.36060736245714	0.0
24.8	-392.8434490011989	162.17009916726656	0.0	-17.983155396159226	-43.56269831844215	0.0
24.9	-394.61757478938637	157.80394698873448	0.0	-17.498989494638742	-43.75943252856638	0.0
25.0	-396.34317589080626	153.41839023324636	0.0	-17.012671804658435	-43.950785801123445	0.0
25.1	-398.0200401144282	149.0139681766973	0.0	-16.5242621268871	-44.13673460607966	0.0
25.2	-399.6479612622134	144.59122241478156	0.0	-16.03382051923809	-44.31725607796767	0.0
25.3	-401.22673915447047	140.15069679639493	0.0	-15.541407289484228	-44.49232801869799	0.0
25.4	-402.7561796544705	135.69293735675956	0.0	-15.047082987842025	-44.66192890028869	0.0
25.5	-404.23609469231957	131.21849225028024	0.0	-14.550908399526067	-44.826037867512575	0.0
25.6	-405.6663022880852	126.72791168313981	0.0	-14.052944537274538	-44.98463474046178	0.0
25.7	-407.0466265741738	122.22174784564287	0.0	-13.553252633846743	-45.13770001702916	0.0
25.8	-408.3768978169559	117.70055484431465	0.0	-13.051894134493585	-45.28521487530644	0.0
25.9	-409.65695243763855	113.16488863376482	0.0	-12.54893068940188	-45.427161175898675	0.0
26.0	-410.88663303237973	108.61530694832402	0.0	-12.044424146113528	-45.563521464154796	0.0
26.1	-412.065788391644	104.05236923346139	0.0	-11.53843654192036	-45.694278972314045	0.0
26.2	-413.19427351879597	99.47663657699171	0.0	-11.031030096235687	-45.819417621567666	0.0
26.3	-414.27194964793017	94.88867164008055	0.0	-10.52226720294345	-45.938922024036344	0.0
26.4	-415.2986842609349	90.28903858805606	0.0	-10.012210422725905	-46.052777484662215	0.0
26.5	-416.27435110378747	85.67830302103584	0.0	-9.500922475370794	-46.16097000301598	0.0
26.6	-417.1988302020789	81.05703190437713	0.0	-8.988466232058958	-46.26348627501849	0.0
26.7	-418.07200787576767	76.42579349895924	0.0	-8.474904707633332	-46.36031369457669	0.0
26.8	-418.8937767531579	71.7851572913069	0.0	-7.960301052850285	-46.451440355133805	0.0
26.9	-419.6640357841029	67.13569392356253	0.0	-7.44471854661422	-46.536855051133536	0.0
27.0	-420.38269025243073	62.47797512331659	0.0	-6.928220588196447	-46.61654727939784	0.0
27.1	-421.04965178759176	57.8125736333045	0.0	-6.410870689439219	-46.690507240418626	0.0
27.2	-421.664838375525	53.14006314097859	0.0	-5.892732466945964	-46.758725839562686	0.0
27.3	-422.2281743687431	48.461018207963974	0.0	-5.373869634258602	-46.821194688190225	0.0
27.4	-422.73959049563496	43.77601419940691	0.0	-4.854345994022956	-46.87790610468625	0.0
27.5	-423.1990238689837	39.08562721322436	0.0	-4.334225430143205	-46.928853115405246	0.0
27.6	-423.6064179936999	34.390434009263394	0.0	-3.813571899926337	-46.97402945552873	0.0
27.7	-423.96172277376814	29.691011938379237	0.0	-3.2924494262175847	-47.01342956983562	0.0
27.8	-424.26489451840837	24.9879388714406	0.0	-2.7709220895277906	-47.04704861338549	0.0
27.9	-424.5158959474474	20.281793128271158	0.0	-2.2490540201536957	-47.07488245211414	0.0
28.0	-424.7146961959042	15.573153406535694	0.0	-1.726909390292087	-47.0969276633422	0.0
28.1	-424.86127081778477	10.862598710579851	0.0	-1.204552406148805	-47.11318153619594	0.0
28.2	-424.95560178908846	6.15070828023216	0.0	-0.6820473000435631	-47.12364207194071	0.0
28.3	-424.9976775100247	1.4380615195770912	0.0	-0.15945832251155354	-47.128307984226645	0.0
28.4	-424.9874928064391	-3.2747620742920835	0.0	0.36315026559718155	-47.12717869924702	0.0
28.5	-424.9250489304502	-7.987182982531874	0.0	0.8857142010196548	-47.120254355808754	0.0
28.6	-424.8103535602956	-12.698621735809832	0.0	1.4081692259821335	-47.10753580531539	0.0
28.7	-424.64342079938785	-17.40849898555972	0.0	1.930451096101664	-47.08902461166245	0.0
28.8	-424.42427117458044	-22.116235575221847	0.0	2.4524955882859536	-47.064723051045206	0.0
28.9	-424.1529316336437	-26.82125261145981	0.0	2.9742385086306333	-47.03463411167882	0.0
29.0	-423.82943554195145	-31.522971535344812	0.0	3.4956157003129316	-46.99876149343086	0.0
29.1	-423.45382267837823	-36.220814193498946	0.0	4.016563051480792	-46.957109607366434	0.0
29.2	-423.02613923040826	-40.91420290918855	0.0	4.5370165031364635	-46.90968357520582	0.0
29.3	-422.5464377884558	-45.602560553358984	0.0	5.056912057013584	-46.85648922869473	0.0
29.4	-422.0147773393982	-50.285310615602064	0.0	5.576185783446807	-46.79753310888718	0.0
29.5	-421.4312232593237	-54.96187727504742	0.0	6.094773829232993	-46.7328224653413	0.0
29.6	-420.79584730549124	-59.63168547116908	0.0	6.6126124254829906	-46.66236525522783	0.0
29.7	-420.10872760750783	-64.29416097449852	0.0	7.129637895463059	-46.586170142351776	0.0
29.8	-419.36994865772095	-68.94873045723563	0.0	7.645786662424957	-46.50424649608699	0.0
29.9	-418.57960130082927	-73.5948215637486	0.0	8.16099525742373	-46.416604390224215	0.0
30.0	-417.73778272271164	-78.23186298095462	0.0	8.675200327122282	-46.32325460173232	0.0
30.1	-416.844596438477	-82.85928450857196	0.0	9.188338641581655	-46.224208609433184	0.0
30.2	-415.90015227973566	-87.47651712923553	0.0	9.700347102036222	-46.11947859259019	0.0
30.3	-414.9045663810935	-92.08299307846691	0.0	10.211162748652699	-46.00907742941068	0.0
30.4	-413.8579611658718	-96.67814591449023	0.0	10.720722768272067	-45.893018695462324	0.0
30.5	-412.76046533105364	-101.26141058788546	0.0	11.228964502133511	-45.771316662003926	0.0
30.6	-411.61221383145806	-105.83222351107062	0.0	11.735825453579318	-45.64398629423052	0.0
30.7	-410.41334786314604	-110.39002262760398	0.0	12.241243295739888	-45.51104324943326	0.0
30.8	-409.16401484605785	-114.93424748129824	0.0	12.745155879197831	-45.372503875074045	0.0
30.9	-407.86436840588567	-119.4643392851377	0.0	13.247501239630257	-45.2283852067755	0.0
31.0	-406.51456835518275	-123.97974098999045	0.0	13.748217605428323	-45.07870496622606	0.0
31.1	-405.11478067371235	-128.47989735310657	0.0	14.247243405293064	-44.92348155900105	0.0
31.2	-403.6651774880379	-132.96425500639452	0.0	14.74451727580661	-44.762734072299224	0.0
31.3	-402.1659370503571	-137.43226252446678	0.0	15.239978068977823	-44.59648227259592	0.0
31.4	-400.61724371658346	-141.88337049244655	0.0	15.73356485976145	-44.424746603212334	0.0
31.5	-399.0192879236766	-146.31703157352757	0.0	16.225216953549886	-44.24754818180189	0.0
31.6	-397.372266166225	-150.73270057627815	0.0	16.714873893636565	-44.06490879775336	0.0
31.7	-395.6763809722845	-155.12983452168126	0.0	17.20247546865014	-43.87685090951168	0.0
31.8	-393.9318408784735	-159.50789270990313	0.0	17.687961719958437	-43.68339764181627	0.0
31.9	-392.1388604043308	-163.86633678678078	0.0	18.171272949041377	-43.48457278285749	0.0
32.0	-390.2976600259368	-168.20463081002197	0.0	18.65234972483192	-43.28040078135169	0.0
32.1	-388.40846614880235	-172.5222413151078	0.0	19.13113289102411	-43.070906743534664	0.0
32.2	-386.47151108002913	-176.8186373808912	0.0	19.60756357334731	-42.856116430074614	0.0
32.3	-384.48703299974306	-181.0932906948825	0.0	20.081583186805787	-42.636056252904496	0.0
32.4	-382.45527593180725	-185.3456756182141	0.0	20.553133442882718	-42.41075327197416	0.0
32.5	-380.3764897138147	-189.57526925027628	0.0	21.022156356707747	-42.18023519192305	0.0
32.6	-378.250929966367	-193.781551493017	0.0	21.488594254187188	-41.944530358673475	0.0
32.7	-376.0788580616421	-197.96400511489608	0.0	21.952389779096027	-41.703667755945	0.0
32.8	-373.8605410912537	-202.1221158144877	0.0	22.413485900130848	-41.45767700169052	0.0
32.9	-371.5962518334088	-206.25537228372212	0.0	22.871825917922756	-41.206588344454275	0.0
33.0	-369.28626871936507	-210.3632662707595	0.0	23.327353472009577	-40.95043265965225	0.0
33.1	-366.9308757991933	-214.4452926424881	0.0	23.780012547766265	-40.689241445775686	0.0
33.2	-364.5303627068488	-218.5009494466386	0.0	24.229747483292908	-40.42304682051779	0.0
33.3	-362.0850246245564	-222.5297379735074	0.0	24.67650297625924	-40.15188151682442	0.0
33.4	-359.595162246513	-226.53116281728157	0.0	25.120224090705044	-39.875778878869035	0.0
33.5	-357.0610817419126	-230.50473193695694	0.0	25.56085626379544	-39.594772857952485	0.0
33.6	-354.48309471729766	-234.44995671684302	0.0	25.998345312530336	-39.30889800832823	0.0
33.7	-351.86151817824236	-238.36635202664613	0.0	26.432637440407103	-39.01818948295339	0.0
33.8	-349.1966744903714	-242.25343628112438	0.0	26.86367924403581	-38.72268302916599	0.0
33.9	-346.4888913397202	-246.11073149930678	0.0	27.29141771970608	-38.42241498428943	0.0
34.0	-343.7385016924406	-249.93776336326863	0.0	27.715800269904765	-38.117422271164145	0.0
34.1	-340.945843753857	-253.73406127645714	0.0	28.136774709783754	-37.80774239360745	0.0
34.2	-338.111260926879	-257.499158421559	0.0	28.554289273576956	-37.493413431801805	0.0
34.3	-335.2351017697746	-261.2325918179034	0.0	28.96829262096581	-37.17447403761219	0.0
34.4	-332.3177199533084	-264.93390237839304	0.0	29.37873384339244	-36.85096342983342	0.0
34.5	-329.3594742172533	-268.60263496595695	0.0	29.785562470319714	-36.5229213893674	0.0
34.6	-326.36072832627696	-272.2383384495169	0.0	30.18872847543755	-36.190388254331516	0.0
34.7	-323.32185102521095	-275.8405657594617	0.0	30.588182282814397	-35.85340491509849	0.0
34.8	-320.2432159937081	-279.40887394262165	0.0	30.98387477299354	-35.5120128092681	0.0
34.9	-317.12520180029225	-282.9428242167374	0.0	31.375757289033142	-35.16625391657189	0.0
35.0	-313.96819185580694	-286.4419820244151	0.0	31.76378164248944	-34.81617075371107	0.0
35.1	-310.77257436626905	-289.90591708656314	0.0	32.147900119342374	-34.46180636912835	0.0
35.2	-307.53874228513274	-293.3342034553018	0.0	32.528065485862825	-34.10320433771455	0.0
35.3	-304.26709326496905	-296.7264195663408	0.0	32.904230994420885	-33.740408755450254	0.0
35.4	-300.9580296085685	-300.0821482908173	0.0	33.27635038923415	-33.37346423398357	0.0
35.5	-297.6119582194708	-303.4009769865896	0.0	33.644377912055816	-33.00241589514439	0.0
35.6	-294.22929055193003	-306.68249754897806	0.0	34.00826830780139	-32.627309365395966	0.0
35.7	-290.81044256031936	-309.92630646094824	0.0	34.36797683011356	-32.2481907702243	0.0
35.8	-287.35583464798253	-313.1320048427304	0.0	34.7234592468646	-31.865106728466436	0.0
35.9	-283.8658916155388	-316.2991985008685	0.0	35.07467184559543	-31.478104346577737	0.0
36.0	-280.34104260864655	-319.42749797669296	0.0	35.421571438890844	-31.087231212839512	0.0
36.1	-276.7817210652328	-322.5165185942107	0.0	35.764115369690096	-30.69253539150719	0.0
36.2	-273.18836466219483	-325.56588050740805	0.0	36.10226151653246	-30.294065416900082	0.0
36.3	-269.5614152615808	-328.5752087469589	0.0	36.43596829873668	-29.89187028743326	0.0
36.4	-265.90131885625567	-331.5441332663338	0.0	36.76519468151411	-29.485999459592435	0.0
36.5	-262.208525515059	-334.4722889873031	0.0	37.089900181014585	-29.07650284185245	0.0
36.6	-258.48348932746126	-337.3593158448298	0.0	37.410044869304734	-28.663430788540207	0.0
36.7	-254.72666834772653	-340.2048588313454	0.0	37.72558937927773	-28.2468340936428	0.0
36.8	-250.9385245385871	-343.00856804040404	0.0	38.03649490949417	-27.826763984561566	0.0
36.9	-247.1195237144375	-345.77009870970966	0.0	38.34272322895342	-27.403272115812804	0.0
37.0	-243.27013548405492	-348.4891112635101	0.0	38.644236681794794	-26.976410562676005	0.0
37.1	-239.39083319285322	-351.16527135435376	0.0	38.940998191928	-26.546231814790367	0.0
37.2	-235.4820938646772	-353.7982499042033	0.0	39.232971267592255	-26.112788769700273	0.0
37.3	-231.54439814314483	-356.38772314490166	0.0	39.520120005843665	-25.676134726350742	0.0
37.4	-227.57823023254406	-358.933372657984	0.0	39.80240909697007	-25.23632337853337	0.0
37.5	-223.58407783829185	-361.4348854138336	0.0	40.07980382883296	-24.793408808283807	0.0
37.6	-219.56243210696292	-363.89195381017345	0.0	40.35227009113607	-24.347445479231496	0.0
37.7	-215.51378756589534	-366.3042757098916	0.0	40.619774379619784	-23.89848822990243	0.0
37.8	-211.4386420623797	-368.6715544781938	0.0	40.88228380018099	-23.446592266975887	0.0
37.9	-207.33749670244117	-370.99349901907976	0.0	41.13976607291809	-22.99181315849581	0.0
38.0	-203.2108557892197	-373.26982381113885	0.0	41.392189536100375	-22.5342068270378	0.0
38.1	-199.059226760958	-375.50024894265874	0.0	41.63952315006136	-22.073829542832517	0.0
38.2	-194.8831201286035	-377.6845001460465	0.0	41.881736501015716	-21.61073791684629	0.0
38.3	-190.68304941303253	-379.8223088315536	0.0	42.11879980479914	-21.144988893819875	0.0
38.4	-186.4595310819045	-381.91341212030403	0.0	42.35068391053082	-20.67663974526614	0.0
38.5	-182.21308448615358	-383.95755287661956	0.0	42.57736030419816	-20.20574806242756	0.0
38.6	-177.94423179612596	-385.95447973963877	0.0	42.79880111216293	-19.73237174919441	0.0
38.7	-173.6534979373705	-387.90394715422656	0.0	43.014979104588996	-19.25656901498453	0.0
38.8	-169.3414105260901	-389.80571540116887	0.0	43.225867698790594	-18.778398367585474	0.0
38.9	-165.0084998042627	-391.6595506266508	0.0	43.4314409625012	-18.297918605960003	0.0
39.0	-160.65529857443937	-393.4652248710123	0.0	43.631673617062305	-17.815188813015787	0.0
39.1	-156.28234213422735	-395.2225160967801	0.0	43.82654104053196	-17.330268348340113	0.0
39.2	-151.89016821046607	-396.9312082159708	0.0	44.016019270712434	-16.84321684090064	0.0
39.3	-147.47931689310494	-398.59109111666254	0.0	44.200085008096806	-16.35409418171308	0.0
39.4	-143.0503305687903	-400.2019606888322	0.0	44.37871561873403	-15.862960516476507	0.0
39.5	-138.60375385417	-401.7636188494537	0.0	44.55188913701222	-15.369876238177419	0.0
39.6	-134.1401335289236	-403.275873566856	0.0	44.71958426835968	-14.874901979663452	0.0
39.7	-129.66001846852674	-404.7385388843366	0.0	44.88178039186352	-14.378098606187534	0.0
39.8	-125.16395957675807	-406.15143494302794	0.0	45.03845756280531	-13.879527207923436	0.0
39.9	-120.65250971795597	-407.5143880040145	0.0	45.18959651511358	-13.379249092453746	0.0
40.0	-116.12622364903503	-408.8272304696966	0.0	45.33517866373308	-12.877325777231029	0.0
40.1	-111.58565795126938	-410.0898009043992	0.0	45.475186106910044	-12.373818982013224	0.0
40.2	-107.03137096185176	-411.301944054224	0.0	45.60960162839353	-11.86879062127416	0.0
40.3	-102.46392270523658	-412.46351086613953	0.0	45.73840869955249	-11.362302796590104	0.0
40.4	-97.8838748242757	-413.5743585063106	0.0	45.8615914814083	-10.854417789003321	0.0
40.5	-93.29179051115496	-414.63435037766163	0.0	45.97913482658233	-10.345198051363564	0.0
40.6	-88.6882344381405	-415.64335613667384	0.0	46.09102428115877	-9.83470620064845	0.0
40.7	-84.07377268814271	-416.6012517094131	0.0	46.197246086461845	-9.32300501026359	0.0
40.8	-79.448972685107	-417.5079193067868	0.0	46.297787180747726	-8.810157402323583	0.0
40.9	-74.81440312423956	-418.36324743902867	0.0	46.3926352008107	-8.296226439914644	0.0
41.0	-70.17063390207676	-419.16713092940756	0.0	46.481778483503525	-7.781275319339918	0.0
41.1	-65.51823604640688	-419.919470927161	0.0	46.565206067171566	-7.265367362348429	0.0
41.2	-60.857781646052786	-420.6201749196508	0.0	46.64290769300066	-6.748566008348587	0.0
41.3	-56.189843780523915	-421.2691567437391	0.0	46.714873806278725	-6.230934806607235	0.0
41.4	-51.51499644954677	-421.86633659638284	0.0	46.78109555757071	-5.712537408435166	0.0
41.5	-46.83381450248197	-422.41164104444795	0.0	46.841564803806655	-5.193437559360127	0.0
41.6	-42.146873567636895	-422.9050030337385	0.0	46.896274109283105	-4.6736990912882135	0.0
41.7	-37.45474998148268	-423.34636189724256	0.0	46.94521674657756	-4.153385914654632	0.0
41.8	-32.75802071778395	-423.7356633625919	0.0	46.988386697375496	-3.632562010564839	0.0
41.9	-28.05726331665028	-424.07285955873584	0.0	47.02577865321067	-3.111291422926957	0.0
42.0	-23.353055813518008	-424.35790902182816	0.0	47.05738801611778	-2.5896382505764923	0.0
42.1	-18.64597666807113	-424.5907767003252	0.0	47.08321089919781	-2.0676666393942797	0.0
42.2	-13.936604693109999	-424.7714339592963	0.0	47.10324412709609	-1.5454407744186531	0.0
42.3	-9.225518983376656	-424.89985858394516	0.0	47.11748523639278	-1.0230248719527966	0.0
42.4	-4.513298844345444	-424.9760347823413	0.0	47.12593247590573	-0.500483171668253	0.0
42.5	0.19947627901227805	-424.99995318736194	0.0	47.12858480690577	0.022120071294442815	0.0
42.6	4.912226873480559	-424.97161085784387	0.0	47.12544190324458	0.5447205942270328	0.0
42.7	9.624373428859688	-424.89101127894526	0.0	47.11650415139466	1.0672541347557336	0.0
42.8	14.335336509226652	-424.758164361717	0.0	47.1017726504019	1.5896564387433951	0.0
42.9	19.044536824186455	-424.5730864418838	0.0	47.08124921175038	2.111863268190645	0.0
43.0	23.751395300105557	-424.33580027783586	0.0	47.05493635913969	2.6338104091350494	0.0
43.1	28.455333151318634	-424.0463350478297	0.0	47.022837328174475	3.1554336795473157	0.0
43.2	33.15577195129994	-423.704726346401	0.0	46.984956065966635	3.6766689372235777	0.0
43.3	37.85213370379051	-423.3110161799867	0.0	46.941297230649944	4.197452087672763	0.0
43.4	42.54384091387247	-422.86525296176075	0.0	46.891866190807306	4.71771909199812	0.0
43.5	47.230316658981636	-422.3674915056796	0.0	46.83666902481045	5.237405974771885	0.0
43.6	51.9109846598498	-421.81779301974285	0.0	46.775712520072595	5.756448831902159	0.0
43.7	56.5852693513679	-421.2162250984662	0.0	46.709004172213874	6.274783838491006	0.0
43.8	61.25259595336134	-420.5628617145698	0.0	46.63655218413945	6.792347256682813	0.0
43.9	65.9123905412688	-419.85778320988186	0.0	46.55836546503084	7.3090754435019525	0.0
44.0	70.56408011671584	-419.10107628545944	0.0	46.47445362925055	7.8249048586787655	0.0
44.1	75.2070926779746	-418.29283399092685	0.0	46.3848269951596	8.339772072462928	0.0
44.2	79.84085729030099	-417.4331557130337	0.0	46.28949658384887	8.853613773423218	0.0
44.3	84.4648041561406	-416.5221471634337	0.0	46.18847411778377	9.366366776232736	0.0
44.4	89.07836468519486	-415.55992036568534	0.0	46.0817720193627	9.877968029438632	0.0
44.5	93.68097156433862	-414.5465936414772	0.0	45.9694034093896	10.388354623215319	0.0
44.6	98.27205882738085	-413.48229159607763	0.0	45.851382105460445	10.897463797100343	0.0
44.7	102.85106192465953	-412.3671451030127	0.0	45.727722620264174	11.40523294771185	0.0
44.8	107.41741779246253	-411.20129128797356	0.0	45.59844015979801	11.911599636446708	0.0
44.9	111.97056492226558	-409.98487351195325	0.0	45.46355062149773	12.416501597158422	0.0
45.0	116.50994342977918	-408.71804135361947	0.0	45.32307059228269	12.919876743813811	0.0
45.1	121.03499512379567	-407.4009505909203	0.0	45.17701734651619	13.421663178127535	0.0
45.2	125.54516357482805	-406.0337631819289	0.0	45.0254088438813	13.92179919717354	0.0
45.3	130.03989418353237	-404.61664724492846	0.0	44.86826372717237	14.42022330097248	0.0
45.4	134.5186342489049	-403.14977703773843	0.0	44.70560132000261	14.916874200054204	0.0
45.5	138.98083303624594	-401.6333329362872	0.0	44.537441624427814	15.411690822994299	0.0
45.6	143.42594184488163	-400.06750141243134	0.0	44.36380531848692	15.904612323923883	0.0
45.7	147.8534140756363	-398.45247501102597	0.0	44.18471375365907	16.395578090011618	0.0
45.8	152.2627052980453	-396.78845232624826	0.0	44.00018895223816	16.884527748917105	0.0
45.9	156.6532733173021	-395.0756379771763	0.0	43.810253604624826	17.371401176214672	0.0
46.0	161.02457824093034	-393.3142425826283	0.0	43.61493106653622	17.856138502786674	0.0
46.1	165.37608254517218	-391.504482735263	0.0	43.414245356134046	18.33868012218543	0.0
46.2	169.70725114108595	-389.64658097494635	0.0	43.20822115107103	18.818966697962853	0.0
46.3	174.0175514403443	-387.74076576138594	0.0	42.99688378545643	19.296939170966834	0.0
46.4	178.3064534207247	-385.7872714460383	0.0	42.7802592467407	19.772538766603592	0.0
46.5	182.57342969128436	-383.78633824329137	0.0	42.5583741725199	20.245707002064965	0.0
46.6	186.81795555721177	-381.73821220092606	0.0	42.33125584726011	20.716385693519875	0.0
46.7	191.03950908434672	-379.64314516986036	0.0	42.0989321989424	21.184516963269033	0.0
46.8	195.23757116336063	-377.50139477318015	0.0	41.86143179562848	21.650043246861923	0.0
46.9	199.41162557358967	-375.3132243744599	0.0	41.61878384194773	22.11290730017536	0.0
47.0	203.5611590465126	-373.07890304537796	0.0	41.37101817550612	22.57305220645257	0.0
47.1	207.68566132886573	-370.79870553262924	0.0	41.11816526321704	23.0304213833021	0.0
47.2	211.78462524538685	-368.4729122241405	0.0	40.86025619755484	23.484958589655555	0.0
47.3	215.85754676118097	-366.10180911459224	0.0	40.597322692731495	23.936607932683373	0.0
47.4	219.9039250436996	-363.6856877702504	0.0	40.329397080796795	24.385313874667766	0.0
47.5	223.92326252432647	-361.2248452931136	0.0	40.05651230766255	24.831021239832065	0.0
47.6	227.9150649595618	-358.7195842843792	0.0	39.77870192905121	25.273675221125405	0.0
47.7	231.8788414917976	-356.1702128072336	0.0	39.496000106369706	25.71322138696227	0.0
47.8	235.81410470967688	-353.5770443489705	0.0	39.20844160250867	26.149605687915688	0.0
47.9	239.7203707080287	-350.9403977824424	0.0	38.916061777567705	26.582774463363528	0.0
48.0	243.59715914737248	-348.2605973268494	0.0	38.61889658450727	27.012674448086962	0.0
48.1	247.44399331298357	-345.5379725078717	0.0	38.31698256472762	27.439252778820318	0.0
48.2	251.2604001735131	-342.7728581171482	0.0	38.01035684357532	27.86245700075144	0.0
48.3	255.04591043915502	-339.9655941711086	0.0	37.69905712577816	28.282235073971975	0.0
48.4	258.80005861935297	-337.1165258691622	0.0	37.38312169080864	28.698535379876436	0.0
48.5	262.52238308004024	-334.2260035512503	0.0	37.06258938817675	29.111306727509604	0.0
48.6	266.21242610040485	-331.2943826547657	0.0	36.73749963265289	29.5204983598613	0.0
48.7	269.86973392917406	-328.3220236708456	0.0	36.407892399421065	29.926059960107793	0.0
48.8	273.4938568404105	-325.3092921000436	0.0	36.07380821916316	30.327941657799066	0.0
48.9	277.0843491888133	-322.25655840738443	0.0	35.735288173075126	30.726094034991224	0.0
49.0	280.6407694645177	-319.1641979768097	0.0	35.39237388781524	31.120468132323218	0.0
49.1	284.1626803473855	-316.0325910650179	0.0	35.04510753038537	31.511015455037214	0.0
49.2	287.64964876078113	-312.8621227547054	0.0	34.693531802945856	31.897687978941764	0.0
49.3	291.1012459248254	-309.6531829072141	0.0	34.33768993756455	32.28043815631728	0.0
49.4	294.51704740912066	-306.4061661145913	0.0	33.97762569090057	32.65921892176266	0.0
49.5	297.89663318494195	-303.12147165106825	0.0	33.613383338823745	33.03398369798288	0.0
49.6	301.239587676886	-299.7995034239621	0.0	33.24500767097015	33.40468640151628	0.0
49.7	304.5454998139735	-296.44066992400934	0.0	32.872543985234394	33.77128144840136	0.0
49.8	307.8139630801961	-293.0453841751348	0.0	32.49603808219936	34.13372375978208	0.0
49.9	311.0445755645052	-289.61406368366306	0.0	32.115536259504495	34.49196876745104	0.0
50.0	314.2369400102325	-286.1471303869794	0.0	31.731085306152437	34.84597241932973	0.0
50.1	317.3906638639399	-282.64501060164565	0.0	31.34273249675567	35.195691184885554	0.0
50.2	320.5053593236901	-279.1081349709768	0.0	30.95052558572321	35.54108206048467	0.0
50.3	323.5806433867328	-275.53693841208684	0.0	30.55451280138841	35.8821025746798	0.0
50.4	326.6161378966015	-271.9318600624081	0.0	30.154742840078438	36.21871079343285	0.0
50.5	329.6114695896141	-268.2933432256919	0.0	29.751264860126227	36.55086532527147	0.0
50.6	332.56627014077105	-264.62183531749713	0.0	29.344128475825617	36.878525326378636	0.0
50.7	335.4801762090476	-260.9177878101728	0.0	28.933383751330446	37.20165050561515	0.0
50.8	338.3528294820719	-257.18165617734195	0.0	28.519081194498238	37.52020112947403	0.0
50.9	341.18387672018565	-253.41389983789398	0.0	28.10127175067947	37.83413802696638	0.0
51.0	343.9729697998805	-249.61498209949067	0.0	27.680006796452915	38.143422594438114	0.0
51.1	346.71976575660545	-245.78537010159553	0.0	27.25533813330804	38.4480168003168	0.0
51.2	349.4239268269397	-241.92553475803066	0.0	26.82731798127509	38.74788318978833	0.0
51.3	352.0851204901262	-238.03595069907027	0.0	26.395998972503808	39.0429848894026	0.0
51.4	354.7030195089609	-234.11709621307685	0.0	25.96143414479137	39.33328561160749	0.0
51.5	357.27730197003103	-230.16945318768776	0.0	25.523676935060454	39.618749659211176	0.0
51.6	359.8076513232998	-226.19350705055913	0.0	25.08278117278833	39.899341929771644	0.0
51.7	362.2937564210316	-222.18974670967418	0.0	24.638801073387548	40.17502791991299	0.0
51.8	364.73531155605235	-218.15866449322422	0.0	24.191791231539277	40.445773729568124	0.0
51.9	367.13201649934103	-214.10075608906837	0.0	23.741806614479923	40.71154606614744	0.0
52.0	369.48357653694774	-210.01652048378065	0.0	23.288902555242036	40.97231224863259	0.0
52.1	371.7897025062334	-205.90645990129138	0.0	22.83313474585008	41.22804021159505	0.0
52.2	374.0501108314272	-201.7710797411302	0.0	22.374559230472265	41.47869850913916	0.0
52.3	376.2645235584961	-197.61088851627883	0.0	21.913232398528876	41.72425631876882	0.0
52.4	378.4326683893244	-193.42639779064103	0.0	21.44921097775831	41.96468344517758	0.0
52.5	380.5542787151969	-189.21812211613735	0.0	20.982552027241404	42.199950323961616	0.0
52.6	382.62909364958233	-184.98657896943237	0.0	20.51331293038507	42.43002802525519	0.0
52.7	384.6568580602139	-180.73228868830236	0.0	20.041551387866054	42.65488825728788	0.0
52.8	386.6373226004617	-176.4557744076512	0.0	19.567325410535666	42.87450336986362	0.0
52.9	388.57024373999377	-172.1575619951821	0.0	19.090693312286344	43.08884635776057	0.0
53.0	390.455383794722	-167.8381799867338	0.0	18.61171370288101	43.297890864052015	0.0
53.1	392.2925109560294	-163.49815952128793	0.0	18.130445480746005	43.501611183347016	0.0
53.2	394.081399319274	-159.13803427565702	0.0	17.646947825728553	43.69998226495165	0.0
53.3	395.821828911568	-154.75834039885993	0.0	17.161280191819614	43.892979715949046	0.0
53.4	397.5135857188264	-150.3596164461935	0.0	16.67350229984302	44.080579804199	0.0
53.5	399.15646171208374	-145.94240331300833	0.0	16.183674130111783	44.26275946125618	0.0
53.6	400.7502548730744	-141.50724416819673	0.0	15.691855915052544	44.439496285206744	0.0
53.7	402.29476921907377	-137.05468438740118	0.0	15.198108131798994	44.61076854342293	0.0
53.8	403.78981482699754	-132.5852714859514	0.0	14.702491494755186	44.7765551752354	0.0
53.9	405.2352078567556	-128.09955505153826	0.0	14.205066948129712	44.93683579452301	0.0
54.0	406.6307705738579	-123.59808667663293	0.0	13.705895658441586	45.091590692219484	0.0
54.1	407.9763313712699	-119.08141989065955	0.0	13.205039006998824	45.240800838736995	0.0
54.2	409.2717247905145	-114.5501100919297	0.0	12.70255858235058	45.384447886306084	0.0
54.3	410.5167915420168	-110.0047144793469	0.0	12.198516172713836	45.52251417123181	0.0
54.4	411.71137852469207	-105.44579198389003	0.0	11.692973758375514	45.6549827160657	0.0
54.5	412.8553388447716	-100.8739031998835	0.0	11.185993504070977	45.78183723169343	0.0
54.6	413.94853183386556	-96.28961031606295	0.0	10.67763775133985	45.90306211933766	0.0
54.7	414.99082306625996	-91.69347704644487	0.0	10.16796901086011	46.018642472476294	0.0
54.8	415.982084375447	-87.08606856100887	0.0	9.657049954761371	46.12856407867526	0.0
54.9	416.9221938698843	-82.46795141620066	0.0	9.144943408918298	46.23281342133629	0.0
55.0	417.81103594798407	-77.8396934852646	0.0	8.631712345225164	46.3313776813588	0.0
55.1	418.6485013123273	-73.20186388841444	0.0	8.117419873852432	46.4242447387163	0.0
55.2	419.434486983104	-68.55503292285071	0.0	7.6021292354862835	46.51140317394658	0.0
55.3	420.1688963107759	-63.8997719926333	0.0	7.085903793552183	46.59284226955599	0.0
55.4	420.85163898796105	-59.23665353841795	0.0	6.568807026423302	46.66855201133721	0.0
55.5	421.4826310605381	-54.56625096706536	0.0	6.05090251961482	46.73852308960062	0.0
55.6	422.0617949379701	-49.88913858113142	0.0	5.53225395796504	46.80274690031909	0.0
55.7	422.589059402845	-45.20589150824736	0.0	5.012925117804312	46.861215546185925	0.0
55.8	423.0643596196332	-40.51708563039838	0.0	4.4929798591127	46.91392183758589	0.0
55.9	423.4876371426594	-35.823297513109544	0.0	3.9724821176673584	46.96085929347925	0.0
56.0	423.85883992328996	-31.125104334547707	0.0	3.451495897180586	47.00202214219868	0.0
56.1	424.1779223163325	-26.423083814548004	0.0	2.9300852614295456	47.037405322159	0.0
56.2	424.4448450856486	-21.71781414357378	0.0	2.408314326378583	47.067004482479504	0.0
56.3	424.65957540897864	-17.00987391161865	0.0	1.8862472522951277	47.09081598351887	0.0
56.4	424.82208688197744	-12.299842037059454	0.0	1.3639482358601596	47.1088368973227	0.0
56.5	424.93235952146125	-7.58829769546881	0.0	0.8414815022741904	47.12106500798365	0.0
56.6	424.99037976786417	-2.8758202483960424	0.0	0.31891129735974	47.12749881191369	0.0
56.7	424.99614048690603	1.8370108278747328	0.0	-0.20369812033871876	47.12813751802899	0.0
56.8	424.94964097046915	6.5496160135806365	0.0	-0.7262824874563819	47.12298104784727	0.0
56.9	424.85088693668575	11.261415816741405	0.0	-1.2487775437103257	47.112030035497334	0.0
57.0	424.699890529234	15.97183084441735	0.0	-1.77111903980134	47.09528582764101	0.0
57.1	424.49667031584505	20.68028187395511	0.0	-2.293242745314407	47.07275048330756	0.0
57.2	424.24125128601946	25.386189924212488	0.0	-2.8150844566168596	47.04442677364052	0.0
57.3	423.93366484795456	30.088976326753585	0.0	-3.336580004753247	47.010318181556805	0.0
57.4	423.57394882468157	34.78806279700546	0.0	-3.857665263335928	46.97042890131841	0.0
57.5	423.1621474494149	39.48287150536758	0.0	-4.37827615643044	46.92476383801668	0.0
57.6	422.6983113601128	44.172825148265375	0.0	-4.898348666434653	46.87332860696906	0.0
57.7	422.1824975932504	48.85734701913899	0.0	-5.417818841950755	46.81612953302857	0.0
57.8	421.6147695768059	53.53586107935882	0.0	-5.9366228056490895	46.75317364980605	0.0
57.9	420.99519712246115	58.20779202905866	0.0	-6.454696762122896	46.68446869880521	0.0
58.0	420.32385641701694	62.87256537787817	0.0	-6.971977005732974	46.61002312847067	0.0
58.1	419.6008300130243	67.52960751560582	0.0	-7.488399928441279	46.52984609314905	0.0
58.2	418.8262068186336	72.17834578271345	0.0	-8.00390202763257	46.443947451963275	0.0
58.3	418.0000820866614	76.81820854077405	0.0	-8.518419913923045	46.35233776760017	0.0
58.4	417.12255740287725	81.44862524275405	0.0	-9.03189031895508	46.255028305011614	0.0
58.5	416.19374067351265	86.06902650317106	0.0	-9.544250103177058	46.15203103002927	0.0
58.6	415.2137461119913	90.67884416810926	0.0	-10.055436263607396	46.04335860789318	0.0
58.7	414.1826942248853	95.27751138508297	0.0	-10.565385941581729	45.9290244016944	0.0
58.8	413.10071179709627	99.86446267274027	0.0	-11.074036430482426	45.80904247073165	0.0
58.9	411.9679318762652	104.43913399039816	0.0	-11.581325183449298	45.68342756878255	0.0
59.0	410.7844937564121	109.00096280740041	0.0	-12.087189821070758	45.55219514228932	0.0
59.1	409.5505429608071	113.54938817228978	0.0	-12.591568139054354	45.41536132845948	0.0
59.2	408.26623122407625	118.08385078178601	0.0	-13.094398115875745	45.272942953281344	0.0
59.3	406.931716473543	122.60379304956128	0.0	-13.595617920405244	45.12495752945508	0.0
59.4	405.5471628098083	127.10865917480432	0.0	-14.095165919510906	44.97142325423917	0.0
59.5	404.1127404865718	131.59789521056513	0.0	-14.592980685637317	44.81235900721275	0.0
59.6	402.6286258896964	136.0709491318717	0.0	-15.08900100435906	44.6477843479541	0.0
59.7	401.0950015155185	140.52727090361032	0.0	-15.583165881907993	44.47771951363533	0.0
59.8	399.51205594840695	144.96631254816126	0.0	-16.07541455267339	44.30218541653402	0.0
59.9	397.87998383757383	149.38752821278138	0.0	-16.565686486674036	44.1212036414616	0.0
60.0	396.1989858731386	153.79037423672574	0.0	-17.05392139700131	43.93479644310914	0.0
60.1	394.46926876145034	158.17430921809915	0.0	-17.54005924723243	43.742986743310816	0.0
60.2	392.6910451996696	162.5387940804304	0.0	-18.024040258812867	43.54579812822522	0.0
60.3	390.86453384961357	166.88329213896031	0.0	-18.50580491840707	43.34325484543513	0.0
60.4	388.9899593108686	171.2072691666358	0.0	-18.98529398521653	43.135381800965796	0.0
60.5	387.06755209317123	175.51019345980177	0.0	-19.462448498264376	42.92220455622234	0.0
60.6	385.0975485880638	179.79153590358248	0.0	-19.93720978364555	42.70374932484654	0.0
60.7	383.0801910398257	184.05077003694473	0.0	-20.409519461741677	42.48004296949354	0.0
60.8	381.0157275156862	188.28737211743473	0.0	-20.87931945439978	42.25111299852845	0.0
60.9	378.9044118753196	192.50082118558075	0.0	-21.346551992073845	42.01698756264398	0.0
61.0	376.7465037396299	196.69059912895327	0.0	-21.81115962092854	41.777695451398664	0.0
61.1	374.5422684588254	200.85619074587552	0.0	-22.273085209904018	41.53326608967672	0.0
61.2	372.29197707979006	204.99708380877541	0.0	-22.732271957741123	41.28372953406994	0.0
61.3	369.9959063127537	209.11276912717247	0.0	-23.188663399965915	41.02911646918157	0.0
61.4	367.6543384972658	213.20274061029085	0.0	-23.64220341583294	40.76945820385322	0.0
61.5	365.2675615674778	217.26649532929133	0.0	-24.092836235226123	40.50478666731494	0.0
61.6	362.83586901673584	221.30353357911446	0.0	-24.540506445516556	40.23513440525895	0.0
61.7	360.3595598614921	225.3133589399274	0.0	-24.985158998376328	39.96053457583771	0.0
61.8	357.8389386045354	229.29547833816667	0.0	-25.42673921654766	39.68102094558653	0.0
61.9	355.27431519754737	233.2494021071695	0.0	-25.86519280056623	39.39662788527143	0.0
62.0	352.6660050029892	237.17464404738607	0.0	-26.3004658354382	39.107390365662674	0.0
62.1	350.0143287553228	241.0707214861657	0.0	-26.732504797269886	38.81334395323465	0.0
62.2	347.3196125215708	244.93715533710932	0.0	-27.161256559849342	38.51452480579236	0.0
62.3	344.5821876612218	248.77347015898047	0.0	-27.586668401179104	38.210969668025186	0.0
62.4	341.80239078548396	252.57919421416864	0.0	-28.008688009959133	37.90271586698861	0.0
62.5	338.9805637158938	256.35385952669714	0.0	-28.427263492019293	37.5898013075142	0.0
62.6	336.117053442283	260.09700193976806	0.0	-28.842343376700615	37.27226446754869	0.0
62.7	333.2122120801109	263.80816117283786	0.0	-29.25387662318437	36.950144393422406	0.0
62.8	330.2663968271656	267.48688087821625	0.0	-29.66181262676836	36.62348069504803	0.0
62.9	327.27996991964153	271.13270869718144	0.0	-30.066101225089515	36.29231354104975	0.0
63.0	324.2532985875962	274.7451963156049	0.0	-30.466692704292193	35.95668365382409	0.0
63.1	321.1867550097933	278.3238995190791	0.0	-30.863537805141256	35.61663230453227	0.0
63.2	318.0807162679373	281.8683782475401	0.0	-31.256587729079232	35.272201308025416	0.0
63.3	314.93556430030554	285.37819664938104	0.0	-31.645794144226905	34.92343301770267	0.0
63.4	311.75168585478224	288.85292313504596	0.0	-32.03110919132645	34.57037032030317	0.0
63.5	308.52947244130206	292.2921304301015	0.0	-32.412485489626505	34.21305663063253	0.0
63.6	305.2693202837071	295.69539562777715	0.0	-32.78987614270831	33.8515358862242	0.0
63.7	301.9716302710255	299.06230024096766	0.0	-33.16323474425245	33.48585254193675	0.0
63.8	298.63680790817523	302.39243025369365	0.0	-33.53251538374518	33.11605156448739	0.0
63.9	295.2652632661006	305.68537617201116	0.0	-33.897672652123866	32.742178426922614	0.0
64.0	291.8574109313477	308.94073307436554	0.0	-34.25866164736071	32.36427910302657	0.0
64.1	288.4136699550844	312.15810066138306	0.0	-34.61543797998417	31.982400061667914	0.0
64.2	284.9344638015711	315.3370833050941	0.0	-34.967957778537425	31.596588261085643	0.0
64.3	281.4202202960889	318.47729009758234	0.0	-35.31617769497293	31.20689114311491	0.0
64.4	277.87137157233167	321.5783348990528	0.0	-35.66005490998281	30.813356627353294	0.0
64.5	274.2883540192684	324.6398363853139	0.0	-35.99954713826419	30.41603310526836	0.0
64.6	270.67160822748184	327.6614180946679	0.0	-36.3346126337188	30.014969434247103	0.0
64.7	267.0215789349914	330.6427084742025	0.0	-36.665210194586344	29.61021493158822	0.0
64.8	263.3387149725648	333.5833409254795	0.0	-36.991299168510835	29.201819368437775	0.0
64.9	259.6234692085275	336.4829538496138	0.0	-37.31283945753957	28.78983296366903	0.0
65.0	255.87629849307515	339.3411906917382	0.0	-37.62979152305366	28.37430637770728	0.0
65.1	252.0976636020965	342.1576999848471	0.0	-37.942116390630154	27.955290706300357	0.0
65.2	248.28802918051355	344.93213539301536	0.0	-38.24977565483428	27.532837474235585	0.0
65.3	244.44786368514625	347.66415575398577	0.0	-38.55273148394222	27.106998629004035	0.0
65.4	240.57763932710787	350.35342512112067	0.0	-38.85094662459301	26.677826534412763	0.0
65.5	236.67783201373933	352.9996128047118	0.0	-39.14438440636948	26.24537396414585	0.0
65.6	232.74892129008856	355.60239341264406	0.0	-39.43300874630746	25.809694095275063	0.0
65.7	228.79139027994282	358.1614468904079	0.0	-39.71678415333277	25.370840501720902	0.0
65.8	224.8057256264209	360.6764585604549	0.0	-39.99567573262538	24.928867147664846	0.0
65.9	220.79241743213254	363.14711916089277	0.0	-40.269649189910325	24.483828380913607	0.0
66.0	216.7519591989123	365.57312488351397	0.0	-40.53867083567472	24.035778926216253	0.0
66.1	212.68484776713572	367.9541774111538	0.0	-40.802707589310415	23.584773878534918	0.0
66.2	208.59158325462485	370.2899839543737	0.0	-41.06172698318182	23.13086869627003	0.0
66.3	204.47266899515057	372.58025728746406	0.0	-41.31569716661828	22.674119194440813	0.0
66.4	200.32861147653983	374.8247157837635	0.0	-41.56458690983066	22.214581537821985	0.0
66.5	196.1599202783946	377.02308345028956	0.0	-41.80836560775157	21.752312234037426	0.0
66.6	191.96710800943106	379.1750899616763	0.0	-42.04700328379872	21.287368126611646	0.0
66.7	187.7506902444461	381.28047069341545	0.0	-42.280470593561056	20.819806387980023	0.0
66.8	183.511185460919	383.3389667543965	0.0	-42.50873882840712	20.34968451245856	0.0
66.9	179.2491149752563	385.35032501874076	0.0	-42.73177991901521	19.87706030917403	0.0
67.0	174.9650028786878	387.31429815692826	0.0	-42.949566438825045	19.401991894955454	0.0
67.1	170.65937597282107	389.23064466621076	0.0	-43.16207160741026	18.92453768718775	0.0
67.2	166.33276370486223	391.09912890030796	0.0	-43.3692692937715	18.44475639662837	0.0
67.3	161.98569810251254	392.9195210983848	0.0	-43.57113401954967	17.962707020187935	0.0
67.4	157.6187137085469	394.69159741330384	0.0	-43.76764096215887	17.478448833675593	0.0
67.5	153.23234751508292	396.41513993915146	0.0	-43.95876595783885	16.992041384510163	0.0
67.6	148.82713889754933	398.0899367380321	0.0	-44.144485504626324	16.50354448439784	0.0
67.7	144.40362954836118	399.71578186613067	0.0	-44.32477676524475	16.013018201977417	0.0
67.8	139.96236341030985	401.29247539903577	0.0	-44.49961756991286	15.520522855433883	0.0
67.9	135.50388660967658	402.81982345632446	0.0	-44.668986419070535	15.026119005081386	0.0
68.0	131.02874738907752	404.2976382254025	0.0	-44.83286248602276	14.529867445916365	0.0
68.1	126.53749604004848	405.72573798459945	0.0	-44.991225619500405	14.031829200141871	0.0
68.2	122.0306848353777	407.103947125514	0.0	-45.14405634613831	13.532065509663921	0.0
68.3	117.50886796119491	408.4320961746086	0.0	-45.29133587286988	13.030637828560835	0.0
68.4	112.97260144882543	409.7100218140481	0.0	-45.43304608923794	12.527607815526506	0.0
68.5	108.42244310641696	410.9375669017834	0.0	-45.56916956962175	12.02303732628851	0.0
68.6	103.85895245034823	412.1145804908741	0.0	-45.699689575379814	11.51698840600192	0.0
68.7	99.28269063642732	413.24091784805034	0.0	-45.82459005690819	11.009523281619916	0.0
68.8	94.69422039088859	414.31644047150974	0.0	-45.943855655614016	10.50070435424201	0.0
68.9	90.09410594119646	415.34101610794903	0.0	-46.05747170580422	9.990594191440817	0.0
69.0	85.48291294666433	416.3145187688266	0.0	-46.16542423648879	9.479255519568394	0.0
69.1	80.8612084288979	417.2368287458549	0.0	-46.26769997309894	8.966751216043056	0.0
69.2	76.22956070207053	418.1078326257211	0.0	-46.3642863391193	8.4531443016176	0.0
69.3	71.58853930303988	418.9274233040324	0.0	-46.45517145763449	7.9384979326299	0.0
69.4	66.93871492131423	419.69549999848704	0.0	-46.540344152789615	7.422875393236838	0.0
69.5	62.2806593288769	420.411968261267	0.0	-46.619793951164596	6.90634008763252	0.0
69.6	57.61494530987765	421.0767399906521	0.0	-46.693511083061914	6.38895553225173	0.0
69.7	52.94214659019963	421.6897334418534	0.0	-46.76148648370821	5.870785347959565	0.0
69.8	48.26283776691053	422.2508732370655	0.0	-46.823711794368776	5.351893252228251	0.0
69.9	43.577594237606526	422.76009037473546	0.0	-46.88017936337557	4.83234305130206	0.0
70.0	38.88699212965785	423.21732223804787	0.0	-46.930882247067984	4.312198632351322	0.0
70.1	34.19160822936462	423.6225126026246	0.0	-46.97581421064692	3.7915239556164777	0.0
70.2	29.49201991103157	423.9756116434387	0.0	-47.014969728941345	3.2703830465431554	0.0
70.3	24.788805065970607	424.27657594094137	0.0	-47.04834398708777	2.7488399879092182	0.0
70.4	20.082542031439647	424.5253684864013	0.0	-47.07593288112241	2.2269589119447635	0.0
70.5	15.373809519526704	424.7219586864554	0.0	-47.097733018485776	1.7048039924460405	0.0
70.6	10.663186545987802	424.8663223668711	0.0	-47.1137417184399	1.1824394368842617	0.0
70.7	5.951252359047661	424.958441775519	0.0	-47.123957012398066	0.6599294785102625	0.0
70.8	1.2385863681716842	424.99830558455625	0.0	-47.128377644166896	0.13733836845599665	0.0
70.9	-3.474231927181844	424.985908891819	0.0	-47.12700307010087	-0.3852696321661701	0.0
71.0	-8.18662300882062	424.921253221426	0.0	-47.11983345916913	-0.9078302601653943	0.0
71.1	-12.89800741107951	424.80434652359116	0.0	-47.10686969293488	-1.4302792581745454	0.0
71.2	-17.607805792075272	424.63520317364566	0.0	-47.08811336544688	-1.9525523825516828	0.0
71.3	-22.315439004946054	424.41384397027093	0.0	-47.063566783043555	-2.474585411279844	0.0
71.4	-27.02032816906694	424.14029613294105	0.0	-47.033232964069455	-2.996314151864178	0.0
71.5	-31.721894741232745	423.814593298576	0.0	-46.99711563850411	-3.517674449225444	0.0
71.6	-36.419560586799335	423.43677551740547	0.0	-46.95521924750335	-4.038602193588915	0.0
71.7	-41.11274805077465	423.0068892480441	0.0	-46.907548942853296	-4.559033328367713	0.0
71.8	-45.80088002885088	422.5249873517789	0.0	-46.854110586336965	-5.078903858039594	0.0
71.9	-50.48338003836879	421.9911290860695	0.0	-46.7949107490134	-5.598149856016242	0.0
72.0	-55.15967228920573	421.4053800972611	0.0	-46.72995671040971	-6.116707472504075	0.0
72.1	-59.82918175457833	420.76781241251285	0.0	-46.65925645762602	-6.634512942355614	0.0
72.2	-64.49133424175153	420.0785044309409	0.0	-46.58281868435341	-7.151502592910441	0.0
72.3	-69.14555646264498	419.337540913978	0.0	-46.5006527898048	-7.667612851824793	0.0
72.4	-73.79127610432796	418.545012974951	0.0	-46.412768877559344	-8.182780254888806	0.0
72.5	-78.42792189939502	417.70101806787716	0.0	-46.31917775431992	-8.696941453830487	0.0
72.6	-83.05492369621219	416.80565997548064	0.0	-46.219890928584455	-9.2100332241054	0.0
72.7	-87.6717125290268	415.85904879643095	0.0	-46.11492060923076	-9.721992472671188	0.0
72.8	-92.27772068793101	414.8613009318049	0.0	-46.004279704015275	-10.232756245745842	0.0
72.9	-96.87238178867103	413.8125390707729	0.0	-45.88798181798594	-10.74226173654895	0.0
73.0	-101.45513084229337	412.7128921755128	0.0	-45.766041251809185	-11.250446293024794	0.0
73.1	-106.02540432461952	411.56249546535213	0.0	-45.63847300001158	-11.757247425546447	0.0
73.2	-110.58264024554046	410.3614904001405	0.0	-45.505292749136025	-12.26260281459991	0.0
73.3	-115.12627821812258	409.11002466285515	0.0	-45.36651687581279	-12.766450318447314	0.0
73.4	-119.65575952751648	407.80825214144124	0.0	-45.22216244474596	-13.26872798076827	0.0
73.5	-124.17052719966011	406.4563329098887	0.0	-45.07224720661492	-13.769374038278416	0.0
73.6	-128.67002606976797	405.05443320854897	0.0	-44.916789595891714	-14.268326928324226	0.0
73.7	-133.1537028505976	403.60272542369285	0.0	-44.75580872857433	-14.765525296453186	0.0
73.8	-137.62100620048545	402.1013880663131	0.0	-44.5893243998361	-15.260908003958297	0.0
73.9	-142.07138679114345	400.5506057501741	0.0	-44.41735708159155	-15.754414135396123	0.0
74.0	-146.50429737520795	398.95056916911	0.0	-44.23992791997912	-16.245983006077342	0.0
74.1	-150.9191928535327	397.30147507357685	0.0	-44.05705873276092	-16.735554169528914	0.0
74.2	-155.31553034221795	395.6035262464581	0.0	-43.868772006639965	-17.22306742492702	0.0
74.3	-159.69276923936675	393.8569314781302	0.0	-43.67509089449508	-17.70846282449973	0.0
74.4	-164.05037129156116	392.06190554078785	0.0	-43.47603921253393	-18.191680680898582	0.0
74.5	-168.38780066004924	390.21866916203464	0.0	-43.27164143736446	-18.672661574538143	0.0
74.6	-172.70452398663522	388.32744899774167	0.0	-43.06192270298507	-19.15134636090262	0.0
74.7	-177.0000104592649	386.38847760417553	0.0	-42.84690879769421	-19.627676177818692	0.0
74.8	-181.2737318772975	384.401993409403	0.0	-42.62662616091907	-20.101592452693577	0.0
74.9	-185.52516271645695	382.3682406839719	0.0	-42.40110187996472	-20.573036909717533	0.0
75.0	-189.75378019345365	380.2874695108742	0.0	-42.170363686683096	-21.041951577029856	0.0
75.1	-193.95906433026943	378.1599357547945	0.0	-41.93443995406305	-21.508278793847413	0.0
75.2	-198.1404980180972	375.98590103064765	0.0	-41.6933596927415	-21.971961217555116	0.0
75.3	-202.29756708092847	373.76563267140847	0.0	-41.44715254743609	-22.432941830757095	0.0
75.4	-206.42976033877954	371.4994036952396	0.0	-41.19584879329997	-22.89116394828796	0.0
75.5	-210.5365696705495	369.18749277191904	0.0	-40.93947933219886	-23.346571224183208	0.0
75.6	-214.61749007650246	366.83018418857347	0.0	-40.67807568891143	-23.799107658607888	0.0
75.7	-218.6720197403653	364.4277678147207	0.0	-40.41167000725258	-24.248717604742748	0.0
75.8	-222.69966009103464	361.9805390666256	0.0	-40.1402950461211	-24.695345775626954	0.0
75.9	-226.6999158638844	359.48879887097377	0.0	-39.863984175471316	-25.13893725095653	0.0
76.0	-230.67229516166645	356.95285362786785	0.0	-39.582771372209834	-25.57943748383779	0.0
76.1	-234.6163095149982	354.3730151731509	0.0	-39.29669121601747	-26.016792307494747	0.0
76.2	-238.53147394242745	351.7496007400611	0.0	-39.005778885097186	-26.45094794192989	0.0
76.3	-242.41730701006935	349.08293292022256	0.0	-38.71007015184837	-26.88185100053735	0.0
76.4	-246.27333089080642	346.3733396239781	0.0	-38.4096013784681	-27.3094484966676	0.0
76.5	-250.09907142304564	343.62115404006676	0.0	-38.10440951247973	-27.733687850143212	0.0
76.6	-253.8940581690244	340.8267145946535	0.0	-37.794532082189775	-28.154516893724363	0.0
76.7	-257.65782447265866	337.99036490971355	0.0	-37.48000719207314	-28.571883879523767	0.0
76.8	-261.3899075169261	335.11245376077903	0.0	-37.1608735180875	-28.985737485369942	0.0
76.9	-265.0898483807773	332.19333503405176	0.0	-36.83717030291763	-29.396026821118106	0.0
77.0	-268.75719209556763	329.2333676828861	0.0	-36.5089373511498	-29.802701434908055	0.0
77.1	-272.3914877010035	326.23291568365113	0.0	-36.17621502437719	-30.20571131936808	0.0
77.2	-275.99228830059513	323.1923479909726	0.0	-35.83904423623681	-30.605006917764197	0.0
77.3	-279.5591511166102	320.11203849236523	0.0	-35.497466447378436	-31.000539130093998	0.0
77.4	-283.0916375445208	316.9923659622563	0.0	-35.15152366036654	-31.392259319124403	0.0
77.5	-286.58931320693665	313.8337140154096	0.0	-34.80125841451521	-31.780119316372367	0.0
77.6	-290.05174800702036	310.6364710597535	0.0	-34.44671378065738	-32.164071428028066	0.0
77.7	-293.4785161813737	307.40103024862026	0.0	-34.087933355848534	-32.54406844081971	0.0
77.8	-296.86919635239315	304.12778943240113	0.0	-33.72496125800579	-32.92006362781915	0.0
77.9	-300.2233715800848	300.81715110962415	0.0	-33.35784212048287	-33.29201075418783	0.0
78.0	-303.5406294133349	297.4695223774607	0.0	-32.98662108658167	-33.659864082862136	0.0
78.1	-306.8205619406268	294.08531488166614	0.0	-32.611343804001194	-34.02357838017755	0.0
78.2	-310.0627658402013	290.664944765961	0.0	-32.23205641922447	-34.38310892143096	0.0
78.3	-313.26684242965104	287.2088326208598	0.0	-31.848805571844057	-34.73841149638026	0.0
78.4	-316.4323977149459	283.7174034319524	0.0	-31.46163838882694	-35.08944241468086	0.0
78.5	-319.55904243888085	280.1910865276447	0.0	-31.070602478719533	-35.43615851125813	0.0
78.6	-322.6463921289419	276.63031552636613	0.0	-30.675745925793407	-35.77851715161528	0.0
78.7	-325.69406714458324	273.03552828324916	0.0	-30.277117284132554	-36.116476237076036	0.0
78.8	-328.70169272391047	269.4071668362877	0.0	-29.87476557166288	-36.44999420996138	0.0
78.9	-331.6688990297642	265.74567735198116	0.0	-29.468740264124662	-36.77903005869988	0.0
79.0	-334.59532119519736	262.0515100704715	0.0	-29.059091288988654	-37.1035433228707	0.0
79.1	-337.480599368342	258.3251192501782	0.0	-28.64586901931673	-37.42349409817889	0.0
79.2	-340.32437875665903	254.56696311194005	0.0	-28.229124267567663	-37.73884304136242	0.0
79.3	-343.126309670566	250.77750378266938	0.0	-27.8089082793489	-38.04955137503006	0.0
79.4	-345.8860475664375	246.9572072385259	0.0	-27.38527272711508	-38.35558089242973	0.0
79.5	-348.6032530889724	243.10654324761728	0.0	-26.958269703814057	-38.65689396214671	0.0
79.6	-351.27759211292323	239.2259853122334	0.0	-26.527951716481198	-38.95345353273111	0.0
79.7	-353.908735784183	235.31601061062165	0.0	-26.094371679782807	-39.24522313725397	0.0
79.8	-356.49636056022274	231.37709993830973	0.0	-25.657582909509337	-39.532166897791505	0.0
79.9	-359.04014824987706	227.40973764898413	0.0	-25.217639116019395	-39.81424952983695	0.0
80.0	-361.539786052471	223.41441159493078	0.0	-24.774594397635113	-40.091436346639384	0.0
80.1	-363.994966596284	219.39161306704554	0.0	-24.32850323398989	-40.363693263469145	0.0
80.2	-366.40538797634656	215.34183673442192	0.0	-23.87942047932918	-40.63098680180904	0.0
80.3	-368.77075379156486	211.2655805835235	0.0	-23.427401355765298	-40.89328409347121	0.0
80.4	-371.0907731811677	207.16334585694796	0.0	-22.972501446486923	-41.150552884638856	0.0
80.5	-373.3651608604734	203.03563699179128	0.0	-22.5147766889242	-41.40276153983234	0.0
80.6	-375.59363715596976	198.88296155761873	0.0	-22.054283367870312	-41.64987904579938	0.0
80.7	-377.77592803970526	194.70583019405086	0.0	-21.591078108560332	-41.8918750153287	0.0
80.8	-379.9117651629852	190.5047565479719	0.0	-21.1252178697082	-42.12871969098665	0.0
80.9	-382.00088588936967	186.28025721036843	0.0	-20.656759936502684	-42.360383948776416	0.0
81.0	-384.043033326969	182.03285165280582	0.0	-20.1857619135632	-42.586839301719316	0.0
81.1	-386.03795636003355	177.76306216355076	0.0	-19.712281717856413	-42.80805790335782	0.0
81.2	-387.9854096798322	173.47141378334717	0.0	-19.236377571574284	-43.024012551179766	0.0
81.3	-389.885153814817	169.15843424085375	0.0	-18.758107994974754	-43.23467668996329	0.0
81.4	-391.736955160071	164.82465388775105	0.0	-18.277531799185642	-43.44002441504238	0.0
81.5	-393.54058600603344	160.47060563352588	0.0	-17.79470807897284	-43.64003047549235	0.0
81.6	-395.29582456650076	156.09682487994127	0.0	-17.30969620547365	-43.83467027723472	0.0
81.7	-397.00245500589864	151.70384945519984	0.0	-16.82255581889607	-44.023919886061655	0.0
81.8	-398.660267465823	147.29221954780903	0.0	-16.333346821184993	-44.207756030579056	0.0
81.9	-400.2690580908454	142.862477640156	0.0	-15.842129368656293	-44.38615610506816	0.0
82.0	-401.82862905358115	138.4151684418001	0.0	-15.348963864599616	-44.55909817226535	0.0
82.1	-403.3387885790144	133.95083882249222	0.0	-14.8539109518507	-44.72656096605978	0.0
82.2	-404.7993509680812	129.4700377449277	0.0	-14.357031505334373	-44.88852389410826	0.0
82.3	-406.21013662050416	124.9733161972424	0.0	-13.858386624578928	-45.044967040367624	0.0
82.4	-407.5709720568769	120.4612271252594	0.0	-13.358037626202886	-45.19587116754377	0.0
82.5	-408.8816899399969	115.93432536449536	0.0	-12.856046036375098	-45.341217719457084	0.0
82.6	-410.14212909544176	111.39316757193406	0.0	-12.352473583249054	-45.48098882332436	0.0
82.7	-411.35213453138925	106.83831215757621	0.0	-11.847382189372365	-45.61516729195651	0.0
82.8	-412.51155745767534	102.27031921577367	0.0	-11.340833964072319	-45.74373662587215	0.0
82.9	-413.62025530409096	97.68975045635646	0.0	-10.832891195818496	-45.866681015326435	0.0
83.0	-414.67809173791346	93.09716913556132	0.0	-10.323616344563323	-45.98398534225512	0.0
83.1	-415.6849366806708	88.49313998676972	0.0	-9.813072034061593	-46.09563518213365	0.0
83.2	-416.6406663241369	83.87822915106473	0.0	-9.301321044169773	-46.2016168057509	0.0
83.3	-417.5451631455565	79.25300410761443	0.0	-8.788426303126172	-46.30191718089744	0.0
83.4	-418.39831592209595	74.61803360389085	0.0	-8.274450879812832	-46.396523973968044	0.0
83.5	-419.20001974452026	69.97388758573304	0.0	-7.759457976000156	-46.48542555147834	0.0
83.6	-419.9501760300933	65.32113712726272	0.0	-7.243510918575138	-46.56861098149542	0.0
83.7	-420.6486925347006	60.66035436066117	0.0	-6.726673151754271	-46.64607003498201	0.0
83.8	-421.2954833641919	55.992112405816016	0.0	-6.209008229281988	-46.71779318705439	0.0
83.9	-421.8904689849437	51.31698529984666	0.0	-5.690579806615638	-46.78377161815362	0.0
84.0	-422.4335762336391	46.635547926516736	0.0	-5.171451633097969	-46.843997215130074	0.0
84.1	-422.9247383262641	41.94837594554264	0.0	-4.651687544118056	-46.89846257224114	0.0
84.2	-423.36389486632066	37.25604572180646	0.0	-4.131351453261646	-46.947160992061754	0.0
84.3	-423.75099185225275	32.55913425448243	0.0	-3.6105073444518996	-46.990086486308165	0.0
84.4	-424.0859816840873	27.85821910608513	0.0	-3.089219264081462	-47.02723377657412	0.0
84.5	-424.36882316928694	23.153878331448585	0.0	-2.5675513131368763	-47.05859829498008	0.0
84.6	-424.59948152781556	18.446690406644738	0.0	-2.0455676393162627	-47.08417618473477	0.0
84.7	-424.7779283964153	13.737234157850224	0.0	-1.523332429141268	-47.10396430060965	0.0
84.8	-424.9041418320938	9.026088690169965	0.0	-1.0009099000642314	-47.11796020932547	0.0
84.9	-424.9781063148231	4.313833316426541	0.0	-0.4783642925715521	-47.12616218985159	0.0
85.0	-424.99981274944764	-0.3989525140759826	0.0	0.04424013771577498	-47.12856923361765	0.0
85.1	-424.9692584668027	-5.1116892868050305	0.0	0.5668391279434897	-47.1251810446374	0.0
85.2	-424.8864472240429	-9.823797493260503	0.0	1.089368415926281	-47.11599803954541	0.0
85.3	-424.7513892041796	-14.534697702235038	0.0	1.611763748049924	-47.10102134754558	0.0
85.4	-424.56410101482965	-19.24381063106474	0.0	2.133960887172359	-47.080252810272356	0.0
85.5	-424.32460568617233	-23.95055721686166	0.0	2.655895620522746	-47.05369498156428	0.0
85.6	-424.032932668118	-28.65435868771925	0.0	3.1775037675975284	-47.02135112714995	0.0
85.7	-423.6891178266861	-33.35463663388202	0.0	3.69872118805251	-46.98322522424647	0.0
85.8	-423.29320343959535	-38.050813078870725	0.0	4.21948378959002	-46.93932196107032	0.0
85.9	-422.8452381910651	-42.74231055055412	0.0	4.739727535840156	-46.88964673626088	0.0
86.0	-422.3452771658281	-47.42855215215893	0.0	5.259388454235141	-46.83420565821655	0.0
86.1	-421.79338184235746	-52.10896163320883	0.0	5.778402643875844	-46.77300554434369	0.0
86.2	-421.1896200853066	-56.782963460384124	0.0	6.2967062833895	-46.70605392021818	0.0
86.3	-420.5340661371642	-61.449982888293135	0.0	6.814235638777625	-46.633359018660144	0.0
86.4	-419.82680060912446	-66.10944603014677	0.0	7.330927071253209	-46.55492977872142	0.0
86.5	-419.06791047117554	-70.76077992832751	0.0	7.846717045066178	-46.470775844586484	0.0
86.6	-418.2574890414039	-75.40341262484395	0.0	8.361542135316217	-46.380907564386504	0.0
86.7	-417.3956359745201	-80.03677323166276	0.0	8.875339035751924	-46.285335988926725	0.0
86.8	-416.4824572496042	-84.66029200090888	0.0	9.388044566555406	-46.18407287032777	0.0
86.9	-415.51806515707375	-89.27340039492536	0.0	9.899595682111316	-46.07713066058031	0.0
87.0	-414.5025782848761	-93.87553115618466	0.0	10.409929478759372	-45.96452251001402	0.0
87.1	-413.43612150390584	-98.46611837704253	0.0	10.918983202529445	-45.84626226568045	0.0
87.2	-412.3188259526497	-103.04459756932553	0.0	11.426694256858235	-45.72236446965023	0.0
87.3	-411.15082902106076	-107.61040573374443	0.0	11.933000210286561	-45.59284435722492	0.0
87.4	-409.932274333664	-112.16298142912436	0.0	12.437838804136403	-45.45771785506357	0.0
87.5	-408.6633117318957	-116.70176484144322	0.0	12.941147960166628	-45.317001579224254	0.0
87.6	-407.3440972556772	-121.22619785267034	0.0	13.442865788206591	-45.17071283312072	0.0
87.7	-405.9747931242276	-125.73572410939619	0.0	13.942930593766581	-45.018869605394755	0.0
87.8	-404.555567716116	-130.2297890912454	0.0	14.44128088562419	-44.86149056770415	0.0
87.9	-403.0865955485565	-134.70784017906428	0.0	14.937855383385712	-44.69859507242656	0.0
88.0	-401.56805725594813	-139.16932672287447	0.0	15.432593025021612	-44.53020315027993	0.0
88.1	-400.0001395676632	-143.61370010958453	0.0	15.925432974375134	-44.35633550785927	0.0
88.2	-398.38303528508516	-148.04041383045114	0.0	16.416314628643125	-44.17701352509045	0.0
88.3	-396.71694325790094	-152.4489235482813	0.0	16.905177625828195	-43.992259252601116	0.0
88.4	-395.0020683596487	-156.83868716436768	0.0	17.391961852161227	-43.80209540900917	0.0
88.5	-393.23862146252515	-161.20916488514862	0.0	17.87660744949339	-43.60654537812918	0.0
88.6	-391.42681941145537	-165.5598192885848	0.0	18.35905482265672	-43.40563320609686	0.0
88.7	-389.5668849974278	-169.8901153902442	0.0	18.839244646792313	-43.199383598412226	0.0
88.8	-387.6590469300985	-174.1995207090873	0.0	19.31711787464537	-42.9878219169015	0.0
88.9	-385.7035398096675	-178.48750533294432	0.0	19.792615743825998	-42.77097417659858	0.0
89.0	-383.7006040980302	-182.75354198367694	0.0	20.265679784035076	-42.54886704254584	0.0
89.1	-381.6504860892091	-186.99710608201573	0.0	20.736251824254147	-42.32152782651535	0.0
89.2	-379.55343787906736	-191.2176758120659	0.0	21.204273999898533	-42.08898448365033	0.0
89.3	-377.40971733430956	-195.4147321854732	0.0	21.669688759932725	-41.8512656090276	0.0
89.4	-375.21958806077254	-199.5877591052422	0.0	22.13243887394726	-41.60840043414123	0.0
89.5	-372.9833193710104	-203.7362434291989	0.0	22.592467439196206	-41.360418823308166	0.0
89.6	-370.7011862511782	-207.85967503309004	0.0	23.049717887594234	-41.107351269995696	0.0
89.7	-368.37346932721783	-211.95754687331126	0.0	23.50413399267267	-40.84922889307188	0.0
89.8	-366.0004548303499	-216.02935504925668	0.0	23.95565987649343	-40.58608343297889	0.0
89.9	-363.5824345618768	-220.0745988652816	0.0	24.4042400165202	-40.31794724782986	0.0
90.0	-361.11970585730137	-224.09278089227135	0.0	24.84981925244578	-40.04485330943005	0.0
90.1	-358.6125715497635	-228.08340702880855	0.0	25.29234279297505	-39.7668351992223	0.0
90.2	-356.0613399328028	-232.04598656193087	0.0	25.731756222562417	-39.48392710415754	0.0
90.3	-353.4663247224476	-235.9800322274724	0.0	26.168005508103082	-39.19616381249103	0.0
90.4	-350.827845018639	-239.8850602699807	0.0	26.60103700557742	-38.903580709504425	0.0
90.5	-348.14622526599146	-243.76059050220255	0.0	27.03079746664727	-38.60621377315452	0.0
90.6	-345.4217952138978	-247.60614636413084	0.0	27.457234045203794	-38.30409956964924	0.0
90.7	-342.6548898759799	-251.4212549816056	0.0	27.88029430386574	-37.99727524895104	0.0
90.8	-339.8458494888939	-255.20544722446144	0.0	28.299926220427466	-37.685778540208815	0.0
90.9	-336.99501947049185	-258.9582577642151	0.0	28.716078194255967	-37.3696477471183	0.0
91.0	-334.1027503773469	-262.67922513128485	0.0	29.128699052636	-37.04892174321204	0.0
91.1	-331.1693978616466	-266.36789177173614	0.0	29.537738057062622	-36.723639967079144	0.0
91.2	-328.1953226274592	-270.02380410354516	0.0	29.9431449094803	-36.3938424175157	0.0
91.3	-325.18089038637925	-273.64651257237426	0.0	30.344869758467937	-36.059569648606114	0.0
91.4	-322.12647181255693	-277.23557170685183	0.0	30.742863205368863	-35.72086276473639	0.0
91.5	-319.0324424971176	-280.79054017335073	0.0	31.137076310365202	-35.37776341553956	0.0
91.6	-315.8991829019765	-284.310980830257	0.0	31.527460598495907	-35.03031379077413	0.0
91.7	-312.7270783130544	-287.79646078172385	0.0	31.913968065617418	-34.678556615136195	0.0
91.8	-309.5165187929006	-291.24655143090297	0.0	32.29655118430668	-34.322535143005545	0.0
91.9	-306.2678991327276	-294.6608285326483	0.0	32.67516290970533	-33.96229315312693	0.0
92.0	-302.98161880386544	-298.0388722456829	0.0	33.049756685304665	-33.5978749432266	0.0
92.1	-299.6580819086394	-301.38026718422606	0.0	33.42028644867047	-33.22932532456514	0.0
92.2	-296.2976971306794	-304.6846024690712	0.0	33.786706637107216	-32.85668961642726	0.0
92.3	-292.90087768466503	-307.95147177811043	0.0	34.14897219326067	-32.48001364054884	0.0
92.4	-289.4680412655143	-311.18047339629857	0.0	34.50703857065845	-32.0993437154825	0.0
92.5	-285.99960999702023	-314.37121026505037	0.0	34.8608617391877	-31.714726650901788	0.0
92.6	-282.49601037994466	-317.52329003106524	0.0	35.210398190509366	-31.326209741845243	0.0
92.7	-278.95767323957244	-320.63632509457375	0.0	35.55560494340817	-30.93384076290059	0.0
92.8	-275.38503367273375	-323.7099326569992	0.0	35.89643954907785	-30.537667962330037	0.0
92.9	-271.77853099430234	-326.7437347680285	0.0	36.23286009634093	-30.137740056137325	0.0
93.0	-268.13860868317386	-329.7373583720881	0.0	36.56482521680241	-29.734106222077266	0.0
93.1	-264.46571432773317	-332.69043535421656	0.0	36.89229408993668	-29.32681609360845	0.0
93.2	-260.76029957081545	-335.60260258533043	0.0	37.215226448106904	-28.915919753790018	0.0
93.3	-257.02282005416953	-338.4735019668768	0.0	37.53358258151672	-28.50146772912305	0.0
93.4	-253.25373536242873	-341.3027804748675	0.0	37.847323343093116	-28.08351098333747	0.0
93.5	-249.4535089665976	-344.09009020328875	0.0	38.15641015330023	-27.662100911125187	0.0
93.6	-245.62260816706015	-346.8350884068821	0.0	38.4608050048832	-27.23728933182023	0.0
93.7	-241.7615040361176	-349.53743754329065	0.0	38.760470467541936	-26.809128483026686	0.0
93.8	-237.87067136006206	-352.19680531456464	0.0	39.05536969253358	-26.37767101419518	0.0
93.9	-233.95058858079383	-354.8128647080235	0.0	39.345466417203745	-25.94296998014875	0.0
94.0	-230.00173773698882	-357.38529403646686	0.0	39.630724969445524	-25.50507883455881	0.0
94.1	-226.02460440482383	-359.9137769777316	0.0	39.91111027208599	-25.06405142337215	0.0
94.2	-222.01967763826707	-362.39800261358806	0.0	40.1865878471994	-24.619941978189654	0.0
94.3	-217.98744990894068	-364.8376654679732	0.0	40.45712382034685	-24.172805109597583	0.0
94.4	-213.928417045563	-367.2324655445531	0.0	40.72268492474163	-23.7226958004523	0.0
94.5	-209.84307817297866	-369.582108363613	0.0	40.98323850533987	-23.269669399119174	0.0
94.6	-205.73193565078228	-371.88630499826746	0.0	41.238752522856096	-22.813781612666563	0.0
94.7	-201.59549501154547	-374.14477210998916	0.0	41.48919555770274	-22.35508850001575	0.0
94.8	-197.43426489865294	-376.35723198344937	0.0	41.73453681385387	-21.893646465047443	0.0
94.9	-193.24875700375648	-378.52341256066825	0.0	41.97474612263191	-21.429512249666033	0.0
95.0	-189.0394860038539	-380.64304747446755	0.0	42.209793946417385	-20.962742926822223	0.0
95.1	-184.80696949800105	-382.71587608122593	0.0	42.439651382280964	-20.493395893494924	0.0
95.2	-180.55172794366433	-384.7416434929282	0.0	42.66429016553756	-20.021528863633346	0.0
95.3	-176.27428459272193	-386.7201006085084	0.0	42.883682673221905	-19.547199861060076	0.0
95.4	-171.9751654271211	-388.6510041444806	0.0	43.09780192748519	-19.07046721233611	0.0
95.5	-167.65489909420043	-390.53411666485454	0.0	43.30662159891237	-18.591389539588587	0.0
95.6	-163.31401684168335	-392.36920661033156	0.0	43.510116009759784	-18.110025753302263	0.0
95.7	-158.95305245235286	-394.15604832677917	0.0	43.70826013711258	-17.626435045075446	0.0
95.8	-154.57254217841393	-395.8944220929785	0.0	43.90102961596176	-17.140676880341402	0.0
95.9	-150.1730246755524	-397.5841141476422	0.0	44.088400742200086	-16.652810991056093	0.0
96.0	-145.7550409366986	-399.22491671570015	0.0	44.27035047553689	-16.16289736835314	0.0
96.1	-141.31913422550312	-400.8166280338486	0.0	44.44685644233127	-15.670996255166932	0.0
96.2	-136.86585000953337	-402.3590523753596	0.0	44.61789693834312	-15.17716813882473	0.0
96.3	-132.39573589320003	-403.8520000741494	0.0	44.783450931402115	-14.681473743608757	0.0
96.4	-127.90934155041934	-405.2952875481002	0.0	44.94349806399388	-14.183974023289128	0.0
96.5	-123.40721865702209	-406.6887373216348	0.0	45.0980186557632	-13.684730153628589	0.0
96.6	-118.88992082291581	-408.03217804753973	0.0	45.24699370593402	-13.18380352485994	0.0
96.7	-114.35800352400938	-409.32544452803535	0.0	45.39040489564584	-12.681255734137086	0.0
96.8	-109.81202403390809	-410.568377735089	0.0	45.52823459020633	-12.177148577960672	0.0
96.9	-105.25254135538766	-411.7608248299702	0.0	45.660465841259665	-11.67154404457915	0.0
97.0	-100.68011615165581	-412.9026391820445	0.0	45.78708238887069	-11.16450430636632	0.0
97.1	-96.09531067740937	-413.993680386804	0.0	45.90806866352421	-10.656091712176233	0.0
97.2	-91.49868870969586	-415.03381428313213	0.0	46.02340978803946	-10.146368779676335	0.0
97.3	-86.89081547858788	-416.0229129698006	0.0	46.133091579399505	-9.635398187659916	0.0
97.4	-82.27225759767886	-416.9608548211972	0.0	46.23710055049518	-9.123242768338727	0.0
97.5	-77.64358299440848	-417.8475245022811	0.0	46.33542391178352	-8.609965499616731	0.0
97.6	-73.00536084022679	-418.68281298276514	0.0	46.428049572860495	-8.095629497345927	0.0
97.7	-68.35816148060529	-419.466617550523	0.0	46.51496614394753	-7.580298007565238	0.0
97.8	-63.70255636490355	-420.1988418242186	0.0	46.59616293729208	-7.0640343987233685	0.0
97.9	-59.03911797610015	-420.87939576515816	0.0	46.6716299684819	-6.5469021538866174	0.0
98.0	-54.36841976039661	-421.50819568836135	0.0	46.74135795767258	-6.0289648629326225	0.0
98.1	-49.691036056702735	-422.0851642728517	0.0	46.80533833072878	-5.510286214730927	0.0
98.2	-45.00754202601234	-422.61023057116455	0.0	46.863563220278394	-4.990929989311411	0.0
98.3	-40.31851358067771	-423.0833300180704	0.0	46.91602546667997	-4.470960050021491	0.0
98.4	-35.6245273135919	-423.50440443851494	0.0	46.96271861890312	-3.9504403356731017	0.0
98.5	-30.926160427287112	-423.87340205477165	0.0	47.00363693532162	-3.4294348526803633	0.0
98.6	-26.22399066295832	-424.1902774928095	0.0	47.03877538441951	-2.9080076671889765	0.0
98.7	-21.51859622942054	-424.454991787871	0.0	47.06812964540969	-2.386222897198241	0.0
98.8	-16.810555732008616	-424.6675123892646	0.0	47.0916961087652	-1.8641447046767177	0.0
98.9	-12.100448101428295	-424.8278131643664	0.0	47.10947187666305	-1.3418372876724771	0.0
99.0	-7.3888525225672765	-424.93587440183376	0.0	47.12145476334049	-0.8193648724189181	0.0
99.1	-2.67634836327499	-424.991682814029	0.0	47.127643295363775	-0.29679170543711425	0.0
99.2	2.0364848968800993	-424.995231538653	0.0	47.12803671180927	0.22581795436432495	0.0
99.3	6.74906773786692	-424.9465201395889	0.0	47.12263496435698	0.7483998435909223	0.0
99.4	11.4608206704532	-424.84555460695594	0.0	47.111438717296494	1.2708897022645458	0.0
99.5	16.17116430746309	-424.69234735637207	0.0	47.09444934744521	1.7932232817252083	0.0
99.6	20.879519435022214	-424.4869172274274	0.0	47.071668943979105	2.315336352531463	0.0
99.7	25.58530708378143	-424.22928948136786	0.0	47.04310030817562	2.837164712358446	0.0
99.8	30.287948600110493	-423.9194957979882	0.0	47.00874695306927	3.3586441938925806	0.0
99.9	34.9868657172529	-423.55757427173637	0.0	46.96861310301966	3.8797106727219637	0.0
100.0	39.681480626433164	-423.1435694070294	0.0	46.9227036931919	4.400300075221498	0.0
